time_minutes,eda_microsiemens
0.0,0.329629
0.004168982768204558,0.346289
0.008337965536409116,0.320658
0.012506948304613675,0.303997
0.016675931072818232,0.288619
0.02084491384102279,0.288619
0.02501389660922735,0.2899
0.029182879377431907,0.2899
0.033351862145636464,0.295026
0.03752084491384102,0.298871
0.04168982768204558,0.291182
0.045858810450250136,0.292463
0.0500277932184547,0.293745
0.05419677598665926,0.296308
0.058365758754863814,0.293745
0.06253474152306837,0.296308
0.06670372429127293,0.325784
0.07087270705947749,0.391144
0.07504168982768204,0.291182
0.0792106725958866,0.271958
0.08337965536409116,0.275803
0.08754863813229571,0.278366
0.09171762090050027,0.257861
0.09588660366870483,0.254016
0.1000555864369094,0.254016
0.10422456920511396,0.259143
0.10839355197331851,0.280929
0.11256253474152307,0.298871
0.11673151750972763,0.26555
0.12090050027793219,0.22454
0.12506948304613674,0.215569
0.12923846581434129,0.22454
0.13340744858254586,0.22454
0.13757643135075043,0.230948
0.14174541411895497,0.225822
0.14591439688715954,0.229667
0.15008337965536409,0.228385
0.15425236242356866,0.238638
0.1584213451917732,0.259143
0.16259032795997777,0.268114
0.16675931072818231,0.264269
0.17092829349638688,0.254016
0.17509727626459143,0.252735
0.179266259032796,0.264269
0.18343524180100054,0.233511
0.1876042245692051,0.214288
0.19177320733740966,0.252735
0.19594219010561423,0.296308
0.2001111728738188,0.324502
0.20428015564202334,0.350134
0.2084491384102279,0.35526
0.21261812117843246,0.22454
0.21678710394663703,0.209162
0.22095608671484157,0.209162
0.22512506948304614,0.209162
0.22929405225125069,0.239919
0.23346303501945526,0.245045
0.2376320177876598,0.250172
0.24180100055586437,0.250172
0.2459699833240689,0.251453
0.2501389660922735,0.250172
0.25430794886047803,0.254016
0.25847693162868257,0.251453
0.26264591439688717,0.251453
0.2668148971650917,0.250172
0.27098387993329626,0.247609
0.27515286270150086,0.246327
0.2793218454697054,0.246327
0.28349082823790994,0.243764
0.2876598110061145,0.246327
0.2918287937743191,0.243764
0.2959977765425236,0.238638
0.30016675931072817,0.236074
0.3043357420789327,0.250172
0.3085047248471373,0.252735
0.31267370761534186,0.238638
0.3168426903835464,0.234793
0.32101167315175094,0.241201
0.32518065591995554,0.238638
0.3293496386881601,0.237356
0.33351862145636463,0.238638
0.3376876042245692,0.243764
0.34185658699277377,0.243764
0.3460255697609783,0.246327
0.35019455252918286,0.327065
0.35436353529738746,0.377046
0.358532518065592,0.346289
0.36270150083379654,0.342444
0.3668704836020011,0.341163
0.3710394663702057,0.338599
0.3752084491384102,0.338599
0.37937743190661477,0.324502
0.3835464146748193,0.333473
0.3877153974430239,0.353978
0.39188438021122846,0.365512
0.396053362979433,0.360386
0.4002223457476376,0.303997
0.40439132851584214,0.31425
0.4085603112840467,0.338599
0.4127292940522512,0.342444
0.4168982768204558,0.348852
0.42106725958866037,0.379609
0.4252362423568649,0.387299
0.42940522512506946,0.391144
0.43357420789327406,0.379609
0.4377431906614786,0.368075
0.44191217342968314,0.35526
0.4460811561978877,0.309124
0.4502501389660923,0.268114
0.4544191217342968,0.266832
0.45858810450250137,0.254016
0.4627570872707059,0.250172
0.4669260700389105,0.245045
0.47109505280711506,0.250172
0.4752640355753196,0.251453
0.4794330183435242,0.251453
0.48360200111172874,0.269395
0.4877709838799333,0.268114
0.4919399666481378,0.252735
0.4961089494163424,0.250172
0.500277932184547,0.251453
0.5044469149527515,0.257861
0.5086158977209561,0.269395
0.5127848804891606,0.275803
0.5169538632573651,0.271958
0.5211228460255698,0.259143
0.5252918287937743,0.274521
0.5294608115619789,0.283492
0.5336297943301834,0.274521
0.537798777098388,0.31425
0.5419677598665925,0.288619
0.5461367426347971,0.275803
0.5503057254030017,0.275803
0.5544747081712063,0.279648
0.5586436909394108,0.274521
0.5628126737076153,0.269395
0.5669816564758199,0.269395
0.5711506392440244,0.279648
0.575319622012229,0.278366
0.5794886047804335,0.278366
0.5836575875486382,0.283492
0.5878265703168427,0.283492
0.5919955530850473,0.282211
0.5961645358532518,0.278366
0.6003335186214563,0.282211
0.6045025013896609,0.270677
0.6086714841578654,0.27324
0.6128404669260701,0.269395
0.6170094496942746,0.275803
0.6211784324624792,0.278366
0.6253474152306837,0.287337
0.6295163979988883,0.287337
0.6336853807670928,0.288619
0.6378543635352973,0.286055
0.6420233463035019,0.292463
0.6461923290717065,0.291182
0.6503613118399111,0.291182
0.6545302946081156,0.291182
0.6586992773763202,0.291182
0.6628682601445247,0.292463
0.6670372429127293,0.2899
0.6712062256809338,0.292463
0.6753752084491385,0.293745
0.679544191217343,0.280929
0.6837131739855475,0.27324
0.6878821567537521,0.271958
0.6920511395219566,0.270677
0.6962201222901612,0.266832
0.7003891050583657,0.269395
0.7045580878265703,0.268114
0.7087270705947749,0.271958
0.7128960533629795,0.268114
0.717065036131184,0.271958
0.7212340188993885,0.268114
0.7254030016675931,0.270677
0.7295719844357976,0.266832
0.7337409672040022,0.269395
0.7379099499722068,0.266832
0.7420789327404114,0.271958
0.7462479155086159,0.269395
0.7504168982768205,0.268114
0.754585881045025,0.266832
0.7587548638132295,0.269395
0.7629238465814341,0.270677
0.7670928293496386,0.268114
0.7712618121178433,0.269395
0.7754307948860478,0.269395
0.7795997776542524,0.268114
0.7837687604224569,0.269395
0.7879377431906615,0.27324
0.792106725958866,0.275803
0.7962757087270705,0.279648
0.8004446914952752,0.277084
0.8046136742634797,0.278366
0.8087826570316843,0.275803
0.8129516397998888,0.278366
0.8171206225680934,0.278366
0.8212896053362979,0.278366
0.8254585881045025,0.2899
0.829627570872707,0.288619
0.8337965536409117,0.291182
0.8379655364091162,0.27324
0.8421345191773207,0.277084
0.8463035019455253,0.275803
0.8504724847137298,0.275803
0.8546414674819344,0.275803
0.8588104502501389,0.284774
0.8629794330183435,0.302716
0.8671484157865481,0.305279
0.8713173985547527,0.297589
0.8754863813229572,0.283492
0.8796553640911617,0.284774
0.8838243468593663,0.284774
0.8879933296275708,0.284774
0.8921623123957754,0.288619
0.89633129516398,0.280929
0.9005002779321846,0.286055
0.9046692607003891,0.280929
0.9088382434685937,0.282211
0.9130072262367982,0.286055
0.9171762090050027,0.279648
0.9213451917732073,0.27324
0.9255141745414118,0.270677
0.9296831573096165,0.271958
0.933852140077821,0.270677
0.9380211228460256,0.26555
0.9421901056142301,0.262987
0.9463590883824347,0.274521
0.9505280711506392,0.275803
0.9546970539188437,0.278366
0.9588660366870484,0.278366
0.9630350194552529,0.277084
0.9672040022234575,0.274521
0.971372984991662,0.27324
0.9755419677598666,0.26555
0.9797109505280711,0.269395
0.9838799332962757,0.277084
0.9880489160644802,0.243764
0.9922178988326849,0.236074
0.9963868816008894,0.246327
1.000555864369094,0.24889
1.0047248471372985,0.246327
1.008893829905503,0.255298
1.0130628126737076,0.252735
1.0172317954419121,0.252735
1.0214007782101167,0.247609
1.0255697609783212,0.264269
1.0297387437465257,0.260424
1.0339077265147303,0.278366
1.038076709282935,0.311687
1.0422456920511396,0.316813
1.0464146748193441,0.287337
1.0505836575875487,0.268114
1.0547526403557532,0.269395
1.0589216231239578,0.259143
1.0630906058921623,0.257861
1.0672595886603669,0.247609
1.0714285714285714,0.247609
1.075597554196776,0.250172
1.0797665369649805,0.259143
1.083935519733185,0.338599
1.0881045025013896,0.274521
1.0922734852695941,0.270677
1.0964424680377987,0.261706
1.1006114508060034,0.251453
1.104780433574208,0.24889
1.1089494163424125,0.260424
1.113118399110617,0.257861
1.1172873818788216,0.260424
1.1214563646470261,0.261706
1.1256253474152307,0.261706
1.1297943301834352,0.266832
1.1339633129516398,0.266832
1.1381322957198443,0.269395
1.1423012784880489,0.269395
1.1464702612562534,0.270677
1.150639244024458,0.269395
1.1548082267926625,0.271958
1.158977209560867,0.271958
1.1631461923290718,0.271958
1.1673151750972763,0.270677
1.1714841578654809,0.266832
1.1756531406336854,0.264269
1.17982212340189,0.261706
1.1839911061700945,0.266832
1.188160088938299,0.268114
1.1923290717065036,0.257861
1.1964980544747081,0.260424
1.2006670372429127,0.271958
1.2048360200111172,0.271958
1.2090050027793218,0.259143
1.2131739855475263,0.266832
1.2173429683157309,0.274521
1.2215119510839354,0.269395
1.2256809338521402,0.282211
1.2298499166203447,0.307842
1.2340188993885493,0.324502
1.2381878821567538,0.31425
1.2423568649249583,0.288619
1.2465258476931629,0.284774
1.2506948304613674,0.286055
1.254863813229572,0.26555
1.2590327959977765,0.246327
1.263201778765981,0.26555
1.2673707615341856,0.270677
1.2715397443023901,0.269395
1.2757087270705947,0.277084
1.2798777098387992,0.282211
1.2840466926070038,0.282211
1.2882156753752085,0.291182
1.292384658143413,0.291182
1.2965536409116176,0.301434
1.3007226236798222,0.305279
1.3048916064480267,0.300153
1.3090605892162313,0.293745
1.3132295719844358,0.287337
1.3173985547526403,0.278366
1.3215675375208449,0.279648
1.3257365202890494,0.293745
1.329905503057254,0.297589
1.3340744858254585,0.303997
1.338243468593663,0.30656
1.3424124513618676,0.301434
1.3465814341300721,0.323221
1.350750416898277,0.359104
1.3549193996664814,0.400114
1.359088382434686,0.286055
1.3632573652028905,0.239919
1.367426347971095,0.230948
1.3715953307392996,0.266832
1.3757643135075042,0.274521
1.3799332962757087,0.278366
1.3841022790439133,0.319376
1.3882712618121178,0.360386
1.3924402445803223,0.279648
1.3966092273485269,0.233511
1.4007782101167314,0.213006
1.404947192884936,0.214288
1.4091161756531405,0.209162
1.4132851584213453,0.214288
1.4174541411895498,0.20788
1.4216231239577544,0.216851
1.425792106725959,0.213006
1.4299610894941635,0.19122
1.434130072262368,0.205317
1.4382990550305725,0.210443
1.442468037798777,0.223259
1.4466370205669816,0.219414
1.4508060033351862,0.241201
1.4549749861033907,0.241201
1.4591439688715953,0.242482
1.4633129516397998,0.243764
1.4674819344080043,0.20788
1.4716509171762089,0.218133
1.4758198999444136,0.223259
1.4799888827126182,0.237356
1.4841578654808227,0.236074
1.4883268482490273,0.250172
1.4924958310172318,0.250172
1.4966648137854364,0.236074
1.500833796553641,0.219414
1.5050027793218455,0.216851
1.50917176209005,0.223259
1.5133407448582545,0.233511
1.517509727626459,0.246327
1.5216787103946636,0.230948
1.5258476931628682,0.353978
1.5300166759310727,0.487261
1.5341856586992773,0.323221
1.538354641467482,0.279648
1.5425236242356866,0.301434
1.546692607003891,0.320658
1.5508615897720957,0.284774
1.5550305725403002,0.261706
1.5591995553085047,0.236074
1.5633685380767093,0.255298
1.5675375208449138,0.24889
1.5717065036131184,0.284774
1.575875486381323,0.288619
1.5800444691495275,0.292463
1.584213451917732,0.280929
1.5883824346859365,0.287337
1.592551417454141,0.303997
1.5967204002223456,0.288619
1.6008893829905504,0.250172
1.605058365758755,0.250172
1.6092273485269595,0.252735
1.613396331295164,0.284774
1.6175653140633686,0.291182
1.621734296831573,0.2899
1.6259032795997777,0.323221
1.6300722623679822,0.312968
1.6342412451361867,0.433435
1.6384102279043913,0.35526
1.6425792106725958,0.30656
1.6467481934408004,0.296308
1.650917176209005,0.315531
1.6550861589772095,0.321939
1.659255141745414,0.343726
1.6634241245136185,0.350134
1.6675931072818233,0.352697
1.6717620900500278,0.348852
1.6759310728182324,0.341163
1.680100055586437,0.303997
1.6842690383546415,0.300153
1.688438021122846,0.357823
1.6926070038910506,0.392425
1.696775986659255,0.35526
1.7009449694274597,0.366794
1.7051139521956642,0.341163
1.7092829349638687,0.421901
1.7134519177320733,0.392425
1.7176209005002778,0.369357
1.7217898832684824,0.364231
1.725958866036687,0.361668
1.7301278488048917,0.361668
1.7342968315730962,0.362949
1.7384658143413008,0.359104
1.7426347971095053,0.364231
1.7468037798777099,0.374483
1.7509727626459144,0.387299
1.755141745414119,0.38858
1.7593107281823235,0.379609
1.763479710950528,0.366794
1.7676486937187326,0.35526
1.771817676486937,0.345007
1.7759866592551417,0.364231
1.7801556420233462,0.360386
1.7843246247915507,0.345007
1.7884936075597553,0.343726
1.79266259032796,0.35526
1.7968315730961646,0.370639
1.8010005558643691,0.37192
1.8051695386325737,0.378328
1.8093385214007782,0.360386
1.8135075041689828,0.394988
1.8176764869371873,0.457785
1.8218454697053919,0.42959
1.8260144524735964,0.438561
1.830183435241801,0.42959
1.8343524180100055,0.430872
1.83852140077821,0.379609
1.8426903835464146,0.369357
1.846859366314619,0.365512
1.8510283490828237,0.365512
1.8551973318510284,0.368075
1.859366314619233,0.374483
1.8635352973874375,0.384736
1.867704280155642,0.387299
1.8718732629238466,0.386017
1.8760422456920511,0.378328
1.8802112284602557,0.361668
1.8843802112284602,0.373202
1.8885491939966648,0.377046
1.8927181767648693,0.370639
1.8968871595330739,0.368075
1.9010561423012784,0.375765
1.905225125069483,0.405241
1.9093941078376875,0.479571
1.913563090605892,0.427027
1.9177320733740968,0.362949
1.9219010561423013,0.346289
1.9260700389105059,0.382173
1.9302390216787104,0.348852
1.934408004446915,0.438561
1.9385769872151195,0.541086
1.942745969983324,0.369357
1.9469149527515286,0.378328
1.9510839355197331,0.383454
1.9552529182879377,0.366794
1.9594219010561422,0.392425
1.9635908838243468,0.327065
1.9677598665925513,0.332192
1.9719288493607559,0.305279
1.9760978321289604,0.325784
1.9802668148971652,0.30656
1.9844357976653697,0.332192
1.9886047804335742,0.532115
1.9927737632017788,0.275803
1.9969427459699833,0.338599
2.001111728738188,0.346289
2.0052807115063924,0.24889
2.009449694274597,0.214288
2.0136186770428015,0.338599
2.017787659811006,0.350134
2.0219566425792106,0.325784
2.026125625347415,0.323221
2.0302946081156197,0.260424
2.0344635908838242,0.337318
2.0386325736520288,0.275803
2.0428015564202333,0.262987
2.046970539188438,0.41293
2.0511395219566424,0.405241
2.055308504724847,0.368075
2.0594774874930515,0.498795
2.063646470261256,0.468037
2.0678154530294606,0.485979
2.0719844357976656,0.382173
2.07615341856587,0.360386
2.0803224013340746,0.421901
2.084491384102279,0.452659
2.0886603668704837,0.033588
2.0928293496386883,0.0
2.096998332406893,0.244778
2.1011673151750974,0.668976
2.105336297943302,0.538523
2.1095052807115064,0.305279
2.113674263479711,0.362949
2.1178432462479155,0.42959
2.12201222901612,0.31425
2.1261812117843246,0.286055
2.130350194552529,0.296308
2.1345191773207337,0.277084
2.1386881600889383,0.293745
2.142857142857143,0.293745
2.1470261256253473,0.274521
2.151195108393552,0.247609
2.1553640911617564,0.239919
2.159533073929961,0.274521
2.1637020566981655,0.260424
2.16787103946637,0.24889
2.1720400222345746,0.280929
2.176209005002779,0.261706
2.1803779877709837,0.262987
2.1845469705391882,0.282211
2.1887159533073928,0.282211
2.1928849360755973,0.283492
2.197053918843802,0.283492
2.201222901612007,0.286055
2.2053918843802114,0.286055
2.209560867148416,0.291182
2.2137298499166205,0.291182
2.217898832684825,0.287337
2.2220678154530296,0.286055
2.226236798221234,0.284774
2.2304057809894386,0.2899
2.234574763757643,0.295026
2.2387437465258477,0.293745
2.2429127292940523,0.296308
2.247081712062257,0.292463
2.2512506948304614,0.332192
2.255419677598666,0.325784
2.2595886603668704,0.332192
2.263757643135075,0.242482
2.2679266259032795,0.206599
2.272095608671484,0.198909
2.2762645914396886,0.186094
2.280433574207893,0.227104
2.2846025569760977,0.230948
2.2887715397443023,0.239919
2.292940522512507,0.262987
2.2971095052807113,0.260424
2.301278488048916,0.271958
2.3054474708171204,0.279648
2.309616453585325,0.282211
2.3137854363535295,0.282211
2.317954419121734,0.291182
2.3221234018899386,0.295026
2.3262923846581436,0.298871
2.330461367426348,0.297589
2.3346303501945527,0.293745
2.338799332962757,0.2899
2.3429683157309618,0.261706
2.3471372984991663,0.246327
2.351306281267371,0.205317
2.3554752640355754,0.201472
2.35964424680378,0.247609
2.3638132295719845,0.245045
2.367982212340189,0.30656
2.3721511951083936,0.310405
2.376320177876598,0.386017
2.3804891606448026,0.296308
2.384658143413007,0.266832
2.3888271261812117,0.255298
2.3929961089494163,0.213006
2.397165091717621,0.154054
2.4013340744858254,0.127142
2.40550305725403,0.201472
2.4096720400222345,0.274521
2.413841022790439,0.251453
2.4180100055586435,0.252735
2.422178988326848,0.256579
2.4263479710950526,0.262987
2.430516953863257,0.262987
2.4346859366314617,0.24889
2.4388549193996663,0.241201
2.443023902167871,0.243764
2.4471928849360753,0.243764
2.4513618677042803,0.245045
2.455530850472485,0.243764
2.4596998332406894,0.245045
2.463868816008894,0.246327
2.4680377987770985,0.243764
2.472206781545303,0.243764
2.4763757643135076,0.250172
2.480544747081712,0.255298
2.4847137298499167,0.257861
2.488882712618121,0.220696
2.4930516953863258,0.22454
2.4972206781545303,0.229667
2.501389660922735,0.23223
2.5055586436909394,0.237356
2.509727626459144,0.243764
2.5138966092273485,0.254016
2.518065591995553,0.251453
2.5222345747637576,0.256579
2.526403557531962,0.254016
2.5305725403001667,0.255298
2.534741523068371,0.255298
2.5389105058365757,0.261706
2.5430794886047803,0.246327
2.547248471372985,0.297589
2.5514174541411894,0.328347
2.555586436909394,0.318094
2.5597554196775985,0.284774
2.563924402445803,0.286055
2.5680933852140075,0.293745
2.572262367982212,0.298871
2.576431350750417,0.318094
2.5806003335186216,0.336036
2.584769316286826,0.264269
2.5889382990550307,0.292463
2.5931072818232352,0.239919
2.59727626459144,0.234793
2.6014452473596443,0.236074
2.605614230127849,0.237356
2.6097832128960534,0.234793
2.613952195664258,0.238638
2.6181211784324625,0.237356
2.622290161200667,0.237356
2.6264591439688716,0.239919
2.630628126737076,0.238638
2.6347971095052807,0.245045
2.638966092273485,0.264269
2.6431350750416898,0.259143
2.6473040578098943,0.259143
2.651473040578099,0.261706
2.6556420233463034,0.256579
2.659811006114508,0.255298
2.6639799888827125,0.250172
2.668148971650917,0.254016
2.6723179544191216,0.250172
2.676486937187326,0.254016
2.6806559199555307,0.24889
2.684824902723735,0.252735
2.6889938854919397,0.251453
2.6931628682601443,0.24889
2.697331851028349,0.256579
2.701500833796554,0.252735
2.7056698165647584,0.251453
2.709838799332963,0.242482
2.7140077821011674,0.220696
2.718176764869372,0.201472
2.7223457476375765,0.228385
2.726514730405781,0.238638
2.7306837131739856,0.234793
2.73485269594219,0.243764
2.7390216787103947,0.243764
2.7431906614785992,0.237356
2.747359644246804,0.242482
2.7515286270150083,0.239919
2.755697609783213,0.241201
2.7598665925514174,0.242482
2.764035575319622,0.243764
2.7682045580878265,0.246327
2.772373540856031,0.246327
2.7765425236242356,0.247609
2.78071150639244,0.251453
2.7848804891606447,0.24889
2.789049471928849,0.251453
2.7932184546970538,0.250172
2.7973874374652583,0.255298
2.801556420233463,0.250172
2.8057254030016674,0.251453
2.809894385769872,0.251453
2.8140633685380765,0.251453
2.818232351306281,0.24889
2.8224013340744856,0.24889
2.8265703168426906,0.252735
2.830739299610895,0.252735
2.8349082823790996,0.24889
2.839077265147304,0.251453
2.8432462479155087,0.250172
2.8474152306837133,0.250172
2.851584213451918,0.252735
2.8557531962201224,0.251453
2.859922178988327,0.251453
2.8640911617565314,0.247609
2.868260144524736,0.251453
2.8724291272929405,0.251453
2.876598110061145,0.251453
2.8807670928293496,0.24889
2.884936075597554,0.250172
2.8891050583657587,0.247609
2.8932740411339632,0.250172
2.897443023902168,0.250172
2.9016120066703723,0.251453
2.905780989438577,0.24889
2.9099499722067814,0.24889
2.914118954974986,0.247609
2.9182879377431905,0.24889
2.922456920511395,0.243764
2.9266259032795996,0.245045
2.930794886047804,0.243764
2.9349638688160087,0.246327
2.9391328515842132,0.246327
2.9433018343524178,0.243764
2.9474708171206223,0.245045
2.9516397998888273,0.260424
2.955808782657032,0.291182
2.9599777654252364,0.318094
2.964146748193441,0.323221
2.9683157309616455,0.319376
2.97248471372985,0.324502
2.9766536964980546,0.320658
2.980822679266259,0.33091
2.9849916620344636,0.311687
2.989160644802668,0.282211
2.9933296275708727,0.283492
2.9974986103390773,0.266832
3.001667593107282,0.279648
3.0058365758754864,0.318094
3.010005558643691,0.30656
3.0141745414118954,0.311687
3.0183435241801,0.33091
3.0225125069483045,0.324502
3.026681489716509,0.309124
3.0308504724847136,0.316813
3.035019455252918,0.336036
3.0391884380211227,0.320658
3.0433574207893273,0.329629
3.047526403557532,0.345007
3.0516953863257363,0.398833
3.055864369093941,0.427027
3.0600333518621454,0.38858
3.06420233463035,0.419338
3.0683713173985545,0.415493
3.072540300166759,0.41293
3.076709282934964,0.414212
3.0808782657031686,0.333473
3.085047248471373,0.243764
3.0892162312395777,0.239919
3.093385214007782,0.292463
3.0975541967759868,0.284774
3.1017231795441913,0.227104
3.105892162312396,0.220696
3.1100611450806004,0.219414
3.114230127848805,0.259143
3.1183991106170095,0.252735
3.122568093385214,0.24889
3.1267370761534186,0.251453
3.130906058921623,0.255298
3.1350750416898276,0.252735
3.139244024458032,0.255298
3.1434130072262367,0.26555
3.1475819899944413,0.241201
3.151750972762646,0.26555
3.1559199555308504,0.274521
3.160088938299055,0.271958
3.1642579210672594,0.27324
3.168426903835464,0.270677
3.1725958866036685,0.269395
3.176764869371873,0.27324
3.1809338521400776,0.278366
3.185102834908282,0.268114
3.1892718176764867,0.256579
3.1934408004446913,0.255298
3.197609783212896,0.250172
3.201778765981101,0.250172
3.2059477487493053,0.247609
3.21011673151751,0.24889
3.2142857142857144,0.243764
3.218454697053919,0.247609
3.2226236798221235,0.246327
3.226792662590328,0.247609
3.2309616453585326,0.246327
3.235130628126737,0.247609
3.2392996108949417,0.24889
3.243468593663146,0.278366
3.2476375764313508,0.234793
3.2518065591995553,0.269395
3.25597554196776,0.2899
3.2601445247359644,0.292463
3.264313507504169,0.298871
3.2684824902723735,0.312968
3.272651473040578,0.31425
3.2768204558087826,0.31425
3.280989438576987,0.310405
3.2851584213451916,0.316813
3.289327404113396,0.319376
3.2934963868816007,0.300153
3.2976653696498053,0.2899
3.30183435241801,0.280929
3.3060033351862144,0.266832
3.310172317954419,0.261706
3.3143413007226235,0.255298
3.318510283490828,0.256579
3.3226792662590325,0.257861
3.326848249027237,0.254016
3.331017231795442,0.257861
3.3351862145636466,0.264269
3.339355197331851,0.262987
3.3435241801000557,0.247609
3.3476931628682602,0.255298
3.351862145636465,0.257861
3.3560311284046693,0.259143
3.360200111172874,0.264269
3.3643690939410784,0.26555
3.368538076709283,0.262987
3.3727070594774875,0.268114
3.376876042245692,0.268114
3.3810450250138966,0.266832
3.385214007782101,0.266832
3.3893829905503057,0.26555
3.39355197331851,0.26555
3.3977209560867148,0.261706
3.4018899388549193,0.268114
3.406058921623124,0.261706
3.4102279043913284,0.266832
3.414396887159533,0.264269
3.4185658699277375,0.262987
3.422734852695942,0.27324
3.4269038354641466,0.280929
3.431072818232351,0.268114
3.4352418010005557,0.268114
3.43941078376876,0.27324
3.4435797665369647,0.27324
3.4477487493051693,0.270677
3.451917732073374,0.269395
3.456086714841579,0.264269
3.4602556976097834,0.26555
3.464424680377988,0.264269
3.4685936631461924,0.257861
3.472762645914397,0.250172
3.4769316286826015,0.255298
3.481100611450806,0.256579
3.4852695942190106,0.262987
3.489438576987215,0.266832
3.4936075597554197,0.282211
3.4977765425236242,0.275803
3.501945525291829,0.279648
3.5061145080600333,0.274521
3.510283490828238,0.269395
3.5144524735964424,0.269395
3.518621456364647,0.27324
3.5227904391328515,0.271958
3.526959421901056,0.274521
3.5311284046692606,0.274521
3.535297387437465,0.278366
3.5394663702056697,0.271958
3.543635352973874,0.270677
3.5478043357420788,0.261706
3.5519733185102833,0.247609
3.556142301278488,0.255298
3.5603112840466924,0.259143
3.564480266814897,0.274521
3.5686492495831015,0.275803
3.572818232351306,0.264269
3.5769872151195106,0.261706
3.5811561978877156,0.260424
3.58532518065592,0.260424
3.5894941634241246,0.227104
3.593663146192329,0.215569
3.5978321289605337,0.220696
3.6020011117287383,0.245045
3.606170094496943,0.261706
3.6103390772651474,0.259143
3.614508060033352,0.262987
3.6186770428015564,0.262987
3.622846025569761,0.264269
3.6270150083379655,0.262987
3.63118399110617,0.256579
3.6353529738743746,0.255298
3.639521956642579,0.252735
3.6436909394107837,0.251453
3.6478599221789882,0.247609
3.652028904947193,0.242482
3.6561978877153973,0.239919
3.660366870483602,0.239919
3.6645358532518064,0.241201
3.668704836020011,0.239919
3.6728738187882155,0.246327
3.67704280155642,0.246327
3.6812117843246246,0.24889
3.685380767092829,0.250172
3.6895497498610337,0.254016
3.693718732629238,0.252735
3.6978877153974428,0.257861
3.7020566981656473,0.255298
3.7062256809338523,0.260424
3.710394663702057,0.259143
3.7145636464702614,0.262987
3.718732629238466,0.261706
3.7229016120066705,0.261706
3.727070594774875,0.264269
3.7312395775430796,0.262987
3.735408560311284,0.26555
3.7395775430794886,0.262987
3.743746525847693,0.266832
3.7479155086158977,0.262987
3.7520844913841023,0.261706
3.756253474152307,0.252735
3.7604224569205114,0.223259
3.764591439688716,0.218133
3.7687604224569204,0.234793
3.772929405225125,0.252735
3.7770983879933295,0.256579
3.781267370761534,0.256579
3.7854363535297386,0.252735
3.789605336297943,0.241201
3.7937743190661477,0.246327
3.7979433018343522,0.260424
3.802112284602557,0.247609
3.8062812673707613,0.269395
3.810450250138966,0.262987
3.8146192329071704,0.254016
3.818788215675375,0.275803
3.8229571984435795,0.26555
3.827126181211784,0.252735
3.831295163979989,0.24889
3.8354641467481936,0.245045
3.839633129516398,0.250172
3.8438021122846027,0.26555
3.847971095052807,0.250172
3.8521400778210118,0.24889
3.8563090605892163,0.24889
3.860478043357421,0.243764
3.8646470261256254,0.247609
3.86881600889383,0.245045
3.8729849916620345,0.259143
3.877153974430239,0.257861
3.8813229571984436,0.247609
3.885491939966648,0.26555
3.8896609227348526,0.255298
3.893829905503057,0.250172
3.8979988882712617,0.254016
3.9021678710394663,0.254016
3.906336853807671,0.251453
3.9105058365758754,0.252735
3.91467481934408,0.252735
3.9188438021122844,0.251453
3.923012784880489,0.24889
3.9271817676486935,0.251453
3.931350750416898,0.245045
3.9355197331851026,0.24889
3.939688715953307,0.245045
3.9438576987215117,0.246327
3.9480266814897162,0.239919
3.952195664257921,0.243764
3.956364647026126,0.243764
3.9605336297943303,0.245045
3.964702612562535,0.24889
3.9688715953307394,0.24889
3.973040578098944,0.250172
3.9772095608671485,0.262987
3.981378543635353,0.259143
3.9855475264035576,0.251453
3.989716509171762,0.251453
3.9938854919399667,0.24889
3.998054474708171,0.245045
4.002223457476376,0.250172
4.00639244024458,0.254016
4.010561423012785,0.257861
4.014730405780989,0.284774
4.018899388549194,0.283492
4.0230683713173985,0.284774
4.027237354085603,0.250172
4.031406336853808,0.257861
4.035575319622012,0.257861
4.039744302390217,0.277084
4.043913285158421,0.275803
4.048082267926626,0.269395
4.05225125069483,0.262987
4.056420233463035,0.270677
4.060589216231239,0.255298
4.064758198999444,0.264269
4.0689271817676484,0.2899
4.073096164535853,0.278366
4.0772651473040575,0.274521
4.081434130072262,0.287337
4.085603112840467,0.262987
4.089772095608671,0.252735
4.093941078376876,0.242482
4.09811006114508,0.243764
4.102279043913285,0.238638
4.106448026681489,0.241201
4.110617009449694,0.242482
4.114785992217898,0.241201
4.118954974986103,0.239919
4.1231239577543075,0.237356
4.127292940522512,0.238638
4.131461923290717,0.243764
4.135630906058921,0.239919
4.139799888827126,0.241201
4.143968871595331,0.233511
4.148137854363536,0.234793
4.15230683713174,0.234793
4.156475819899945,0.234793
4.160644802668149,0.234793
4.164813785436354,0.234793
4.168982768204558,0.233511
4.173151750972763,0.236074
4.1773207337409675,0.234793
4.181489716509172,0.233511
4.1856586992773765,0.247609
4.189827682045581,0.256579
4.193996664813786,0.279648
4.19816564758199,0.2899
4.202334630350195,0.269395
4.206503613118399,0.243764
4.210672595886604,0.250172
4.214841578654808,0.245045
4.219010561423013,0.246327
4.223179544191217,0.252735
4.227348526959422,0.255298
4.2315175097276265,0.256579
4.235686492495831,0.254016
4.239855475264036,0.261706
4.24402445803224,0.264269
4.248193440800445,0.266832
4.252362423568649,0.256579
4.256531406336854,0.259143
4.260700389105058,0.259143
4.264869371873263,0.262987
4.269038354641467,0.261706
4.273207337409672,0.274521
4.2773763201778765,0.27324
4.281545302946081,0.275803
4.285714285714286,0.27324
4.28988326848249,0.277084
4.294052251250695,0.274521
4.298221234018899,0.275803
4.302390216787104,0.256579
4.306559199555308,0.243764
4.310728182323513,0.245045
4.314897165091717,0.245045
4.319066147859922,0.252735
4.3232351306281265,0.268114
4.327404113396331,0.375765
4.331573096164536,0.31425
4.33574207893274,0.300153
4.339911061700945,0.296308
4.344080044469149,0.284774
4.348249027237354,0.275803
4.352418010005558,0.268114
4.356586992773763,0.255298
4.360755975541967,0.236074
4.364924958310172,0.23223
4.3690939410783765,0.239919
4.373262923846581,0.241201
4.3774319066147855,0.233511
4.38160088938299,0.23223
4.385769872151195,0.446251
4.389938854919399,0.487261
4.394107837687604,0.424464
4.398276820455809,0.383454
4.402445803224014,0.361668
4.406614785992218,0.33091
4.410783768760423,0.275803
4.414952751528627,0.270677
4.419121734296832,0.282211
4.423290717065036,0.268114
4.427459699833241,0.260424
4.4316286826014455,0.252735
4.43579766536965,0.246327
4.439966648137855,0.255298
4.444135630906059,0.254016
4.448304613674264,0.389862
4.452473596442468,0.260424
4.456642579210673,0.193783
4.460811561978877,0.189938
4.464980544747082,0.196346
4.469149527515286,0.22454
4.473318510283491,0.262987
4.4774874930516955,0.266832
4.4816564758199,0.239919
4.4858254585881046,0.215569
4.489994441356309,0.227104
4.494163424124514,0.234793
4.498332406892718,0.239919
4.502501389660923,0.264269
4.506670372429127,0.269395
4.510839355197332,0.280929
4.515008337965536,0.291182
4.519177320733741,0.291182
4.523346303501945,0.2899
4.52751528627015,0.286055
4.5316842690383545,0.287337
4.535853251806559,0.284774
4.540022234574764,0.284774
4.544191217342968,0.297589
4.548360200111173,0.288619
4.552529182879377,0.275803
4.556698165647582,0.278366
4.560867148415786,0.266832
4.565036131183991,0.266832
4.569205113952195,0.279648
4.5733740967204,0.292463
4.5775430794886045,0.351415
4.581712062256809,0.366794
4.585881045025014,0.332192
4.590050027793218,0.301434
4.594219010561423,0.283492
4.598387993329627,0.307842
4.602556976097832,0.295026
4.606725958866036,0.274521
4.610894941634241,0.277084
4.615063924402445,0.260424
4.61923290717065,0.251453
4.6234018899388545,0.257861
4.627570872707059,0.251453
4.631739855475264,0.261706
4.635908838243468,0.264269
4.640077821011673,0.256579
4.644246803779877,0.251453
4.648415786548083,0.254016
4.652584769316287,0.24889
4.656753752084492,0.24889
4.660922734852696,0.247609
4.665091717620901,0.250172
4.669260700389105,0.247609
4.67342968315731,0.24889
4.677598665925514,0.246327
4.681767648693719,0.247609
4.6859366314619235,0.246327
4.690105614230128,0.24889
4.694274596998333,0.246327
4.698443579766537,0.266832
4.702612562534742,0.269395
4.706781545302946,0.266832
4.710950528071151,0.261706
4.715119510839355,0.257861
4.71928849360756,0.262987
4.723457476375764,0.256579
4.727626459143969,0.256579
4.7317954419121735,0.259143
4.735964424680378,0.257861
4.740133407448583,0.260424
4.744302390216787,0.261706
4.748471372984992,0.260424
4.752640355753196,0.257861
4.756809338521401,0.255298
4.760978321289605,0.255298
4.76514730405781,0.255298
4.769316286826014,0.256579
4.773485269594219,0.255298
4.7776542523624235,0.256579
4.781823235130628,0.256579
4.785992217898833,0.259143
4.790161200667037,0.260424
4.794330183435242,0.261706
4.798499166203446,0.264269
4.802668148971651,0.260424
4.806837131739855,0.256579
4.81100611450806,0.257861
4.815175097276264,0.255298
4.819344080044469,0.256579
4.8235130628126734,0.255298
4.827682045580878,0.257861
4.8318510283490825,0.259143
4.836020011117287,0.260424
4.840188993885492,0.262987
4.844357976653696,0.260424
4.848526959421901,0.262987
4.852695942190105,0.261706
4.85686492495831,0.260424
4.861033907726514,0.261706
4.865202890494719,0.260424
4.869371873262923,0.262987
4.873540856031128,0.260424
4.8777098387993325,0.261706
4.881878821567537,0.261706
4.886047804335742,0.26555
4.890216787103946,0.261706
4.894385769872151,0.264269
4.898554752640356,0.261706
4.902723735408561,0.261706
4.906892718176765,0.259143
4.91106170094497,0.250172
4.915230683713174,0.250172
4.919399666481379,0.24889
4.923568649249583,0.243764
4.927737632017788,0.251453
4.9319066147859925,0.254016
4.936075597554197,0.246327
4.9402445803224015,0.241201
4.944413563090606,0.261706
4.948582545858811,0.264269
4.952751528627015,0.277084
4.95692051139522,0.262987
4.961089494163424,0.229667
4.965258476931629,0.220696
4.969427459699833,0.251453
4.973596442468038,0.35526
4.977765425236242,0.295026
4.981934408004447,0.298871
4.9861033907726515,0.300153
4.990272373540856,0.298871
4.994441356309061,0.297589
4.998610339077265,0.303997
5.00277932184547,0.345007
5.006948304613674,0.359104
5.011117287381879,0.351415
5.015286270150083,0.311687
5.019455252918288,0.310405
5.023624235686492,0.31425
5.027793218454697,0.311687
5.0319622012229015,0.30656
5.036131183991106,0.295026
5.040300166759311,0.26555
5.044469149527515,0.266832
5.04863813229572,0.269395
5.052807115063924,0.254016
5.056976097832129,0.278366
5.061145080600333,0.237356
5.065314063368538,0.38858
5.069483046136742,0.461629
5.073652028904947,0.483416
5.0778210116731515,0.460348
5.081989994441356,0.45394
5.086158977209561,0.450095
5.090327959977765,0.433435
5.09449694274597,0.420619
5.098665925514174,0.401396
5.102834908282379,0.380891
5.107003891050583,0.369357
5.111172873818788,0.346289
5.115341856586992,0.303997
5.119510839355197,0.287337
5.1236798221234015,0.315531
5.127848804891606,0.280929
5.1320177876598105,0.291182
5.136186770428015,0.292463
5.14035575319622,0.298871
5.144524735964424,0.316813
5.14869371873263,0.328347
5.152862701500834,0.312968
5.157031684269039,0.352697
5.161200667037243,0.350134
5.165369649805448,0.350134
5.169538632573652,0.424464
5.173707615341857,0.366794
5.177876598110061,0.432154
5.182045580878266,0.382173
5.1862145636464705,0.352697
5.190383546414675,0.360386
5.19455252918288,0.352697
5.198721511951084,0.357823
5.202890494719289,0.492387
5.207059477487493,0.4706
5.211228460255698,0.406522
5.215397443023902,0.406522
5.219566425792107,0.39627
5.223735408560311,0.400114
5.227904391328516,0.418056
5.2320733740967205,0.424464
5.236242356864925,0.439843
5.2404113396331296,0.443688
5.244580322401334,0.43728
5.248749305169539,0.43728
5.252918287937743,0.43728
5.257087270705948,0.434717
5.261256253474152,0.439843
5.265425236242357,0.427027
5.269594219010561,0.423183
5.273763201778766,0.414212
5.27793218454697,0.410367
5.282101167315175,0.403959
5.2862701500833795,0.398833
5.290439132851584,0.391144
5.294608115619789,0.43728
5.298777098387993,0.397551
5.302946081156198,0.373202
5.307115063924402,0.356541
5.311284046692607,0.378328
5.315453029460811,0.466756
5.319622012229016,0.430872
5.32379099499722,0.386017
5.327959977765425,0.379609
5.3321289605336295,0.37192
5.336297943301834,0.393707
5.340466926070039,0.42959
5.344635908838243,0.493669
5.348804891606448,0.477008
5.352973874374652,0.487261
5.357142857142857,0.493669
5.361311839911061,0.528271
5.365480822679266,0.521863
5.36964980544747,0.498795
5.373818788215675,0.471882
5.3779877709838795,0.473164
5.382156753752084,0.447532
5.386325736520289,0.433435
5.390494719288493,0.411649
5.394663702056698,0.409085
5.398832684824902,0.400114
5.403001667593108,0.402678
5.407170650361312,0.392425
5.411339633129517,0.389862
5.415508615897721,0.391144
5.419677598665926,0.411649
5.42384658143413,0.411649
5.428015564202335,0.403959
5.432184546970539,0.409085
5.436353529738744,0.407804
5.4405225125069485,0.414212
5.444691495275153,0.414212
5.448860478043358,0.393707
5.453029460811562,0.39627
5.457198443579767,0.425746
5.461367426347971,0.457785
5.465536409116176,0.474445
5.46970539188438,0.460348
5.473874374652585,0.444969
5.478043357420789,0.432154
5.482212340188994,0.42959
5.4863813229571985,0.428309
5.490550305725403,0.448814
5.494719288493608,0.464193
5.498888271261812,0.466756
5.503057254030017,0.460348
5.507226236798221,0.487261
5.511395219566426,0.485979
5.51556420233463,0.488542
5.519733185102835,0.488542
5.523902167871039,0.474445
5.528071150639244,0.462911
5.5322401334074485,0.466756
5.536409116175653,0.4706
5.5405780989438576,0.457785
5.544747081712062,0.457785
5.548916064480267,0.455222
5.553085047248471,0.448814
5.557254030016676,0.442406
5.56142301278488,0.438561
5.565591995553085,0.424464
5.569760978321289,0.402678
5.573929961089494,0.397551
5.578098943857698,0.387299
5.582267926625903,0.38858
5.5864369093941075,0.386017
5.590605892162312,0.401396
5.594774874930517,0.38858
5.598943857698721,0.392425
5.603112840466926,0.394988
5.60728182323513,0.402678
5.611450806003335,0.401396
5.615619788771539,0.401396
5.619788771539744,0.402678
5.623957754307948,0.402678
5.628126737076153,0.409085
5.6322957198443575,0.443688
5.636464702612562,0.406522
5.640633685380767,0.407804
5.644802668148971,0.427027
5.648971650917176,0.406522
5.653140633685381,0.384736
5.657309616453586,0.383454
5.66147859922179,0.382173
5.665647581989995,0.370639
5.669816564758199,0.366794
5.673985547526404,0.365512
5.678154530294608,0.373202
5.682323513062813,0.384736
5.6864924958310175,0.397551
5.690661478599222,0.406522
5.6948304613674265,0.433435
5.698999444135631,0.415493
5.703168426903836,0.407804
5.70733740967204,0.444969
5.711506392440245,0.53596
5.715675375208449,0.587223
5.719844357976654,0.574407
5.724013340744858,0.551339
5.728182323513063,0.567999
5.732351306281267,0.529552
5.736520289049472,0.466756
5.7406892718176765,0.428309
5.744858254585881,0.456503
5.749027237354086,0.443688
5.75319622012229,0.421901
5.757365202890495,0.410367
5.761534185658699,0.414212
5.765703168426904,0.391144
5.769872151195108,0.386017
5.774041133963313,0.37192
5.778210116731517,0.365512
5.782379099499722,0.356541
5.7865480822679265,0.351415
5.790717065036131,0.34757
5.794886047804336,0.350134
5.79905503057254,0.362949
5.803224013340745,0.386017
5.807392996108949,0.362949
5.811561978877154,0.359104
5.815730961645358,0.362949
5.819899944413563,0.34757
5.824068927181767,0.339881
5.828237909949972,0.352697
5.8324068927181765,0.364231
5.836575875486381,0.352697
5.840744858254586,0.368075
5.84491384102279,0.386017
5.849082823790995,0.398833
5.853251806559199,0.405241
5.857420789327404,0.400114
5.861589772095608,0.386017
5.865758754863813,0.384736
5.869927737632017,0.370639
5.874096720400222,0.359104
5.8782657031684264,0.469319
5.882434685936631,0.491105
5.8866036687048355,0.475727
5.89077265147304,0.410367
5.894941634241245,0.365512
5.899110617009449,0.357823
5.903279599777655,0.35526
5.907448582545859,0.342444
5.911617565314064,0.341163
5.915786548082268,0.343726
5.919955530850473,0.343726
5.924124513618677,0.342444
5.928293496386882,0.356541
5.932462479155086,0.386017
5.936631461923291,0.348852
5.9408004446914955,0.342444
5.9449694274597,0.337318
5.949138410227905,0.342444
5.953307392996109,0.346289
5.957476375764314,0.351415
5.961645358532518,0.348852
5.965814341300723,0.364231
5.969983324068927,0.360386
5.974152306837132,0.394988
5.978321289605336,0.405241
5.982490272373541,0.402678
5.9866592551417455,0.394988
5.99082823790995,0.397551
5.9949972206781545,0.368075
5.999166203446359,0.356541
6.003335186214564,0.352697
6.007504168982768,0.34757
6.011673151750973,0.346289
6.015842134519177,0.345007
6.020011117287382,0.346289
6.024180100055586,0.359104
6.028349082823791,0.356541
6.032518065591995,0.346289
6.0366870483602,0.343726
6.0408560311284045,0.339881
6.045025013896609,0.345007
6.049193996664814,0.343726
6.053362979433018,0.353978
6.057531962201223,0.35526
6.061700944969427,0.357823
6.065869927737632,0.360386
6.070038910505836,0.343726
6.074207893274041,0.332192
6.078376876042245,0.365512
6.08254585881045,0.374483
6.0867148415786545,0.366794
6.090883824346859,0.362949
6.095052807115064,0.345007
6.099221789883268,0.352697
6.103390772651473,0.34757
6.107559755419677,0.350134
6.111728738187882,0.361668
6.115897720956086,0.360386
6.120066703724291,0.343726
6.124235686492495,0.343726
6.1284046692607,0.343726
6.1325736520289045,0.346289
6.136742634797109,0.346289
6.140911617565314,0.345007
6.145080600333518,0.345007
6.149249583101723,0.346289
6.153418565869928,0.348852
6.157587548638133,0.364231
6.161756531406337,0.366794
6.165925514174542,0.364231
6.170094496942746,0.360386
6.174263479710951,0.360386
6.178432462479155,0.357823
6.18260144524736,0.362949
6.186770428015564,0.368075
6.190939410783769,0.368075
6.1951083935519735,0.356541
6.199277376320178,0.359104
6.203446359088383,0.360386
6.207615341856587,0.369357
6.211784324624792,0.368075
6.215953307392996,0.361668
6.220122290161201,0.365512
6.224291272929405,0.361668
6.22846025569761,0.361668
6.232629238465814,0.356541
6.236798221234019,0.361668
6.2409672040022235,0.357823
6.245136186770428,0.359104
6.249305169538633,0.353978
6.253474152306837,0.357823
6.257643135075042,0.352697
6.261812117843246,0.351415
6.265981100611451,0.350134
6.270150083379655,0.350134
6.27431906614786,0.351415
6.278488048916064,0.348852
6.282657031684269,0.350134
6.2868260144524735,0.348852
6.290994997220678,0.348852
6.2951639799888826,0.364231
6.299332962757087,0.364231
6.303501945525292,0.359104
6.307670928293496,0.359104
6.311839911061701,0.362949
6.316008893829905,0.370639
6.32017787659811,0.368075
6.324346859366314,0.366794
6.328515842134519,0.361668
6.332684824902723,0.364231
6.336853807670928,0.366794
6.3410227904391325,0.37192
6.345191773207337,0.373202
6.349360755975542,0.370639
6.353529738743746,0.369357
6.357698721511951,0.370639
6.361867704280155,0.366794
6.36603668704836,0.368075
6.370205669816564,0.368075
6.374374652584769,0.368075
6.378543635352973,0.373202
6.382712618121178,0.37192
6.3868816008893825,0.377046
6.391050583657587,0.401396
6.395219566425792,0.38858
6.399388549193996,0.382173
6.403557531962202,0.380891
6.407726514730406,0.382173
6.411895497498611,0.393707
6.416064480266815,0.392425
6.42023346303502,0.393707
6.424402445803224,0.391144
6.428571428571429,0.393707
6.432740411339633,0.394988
6.436909394107838,0.391144
6.4410783768760425,0.389862
6.445247359644247,0.38858
6.4494163424124515,0.38858
6.453585325180656,0.386017
6.457754307948861,0.375765
6.461923290717065,0.370639
6.46609227348527,0.379609
6.470261256253474,0.375765
6.474430239021679,0.400114
6.478599221789883,0.410367
6.482768204558088,0.407804
6.486937187326292,0.401396
6.491106170094497,0.393707
6.4952751528627015,0.38858
6.499444135630906,0.394988
6.503613118399111,0.387299
6.507782101167315,0.386017
6.51195108393552,0.384736
6.516120066703724,0.382173
6.520289049471929,0.384736
6.524458032240133,0.38858
6.528627015008338,0.382173
6.532795997776542,0.383454
6.536964980544747,0.382173
6.5411339633129515,0.380891
6.545302946081156,0.379609
6.549471928849361,0.375765
6.553640911617565,0.375765
6.55780989438577,0.375765
6.561978877153974,0.374483
6.566147859922179,0.373202
6.570316842690383,0.377046
6.574485825458588,0.375765
6.578654808226792,0.374483
6.582823790994997,0.374483
6.5869927737632015,0.374483
6.591161756531406,0.370639
6.595330739299611,0.368075
6.599499722067815,0.368075
6.60366870483602,0.365512
6.607837687604224,0.366794
6.612006670372429,0.368075
6.616175653140633,0.37192
6.620344635908838,0.365512
6.624513618677042,0.369357
6.628682601445247,0.368075
6.6328515842134514,0.362949
6.637020566981656,0.350134
6.6411895497498605,0.341163
6.645358532518065,0.348852
6.64952751528627,0.346289
6.653696498054474,0.356541
6.65786548082268,0.364231
6.662034463590884,0.377046
6.666203446359089,0.43728
6.670372429127293,0.482134
6.674541411895498,0.415493
6.678710394663702,0.357823
6.682879377431907,0.324502
6.687048360200111,0.325784
6.691217342968316,0.316813
6.6953863257365205,0.316813
6.699555308504725,0.309124
6.70372429127293,0.309124
6.707893274041134,0.312968
6.712062256809339,0.325784
6.716231239577543,0.323221
6.720400222345748,0.329629
6.724569205113952,0.329629
6.728738187882157,0.333473
6.732907170650361,0.334755
6.737076153418566,0.346289
6.7412451361867705,0.353978
6.745414118954975,0.357823
6.7495831017231795,0.35526
6.753752084491384,0.352697
6.757921067259589,0.35526
6.762090050027793,0.360386
6.766259032795998,0.356541
6.770428015564202,0.357823
6.774596998332407,0.360386
6.778765981100611,0.352697
6.782934963868816,0.350134
6.78710394663702,0.346289
6.791272929405225,0.343726
6.7954419121734295,0.342444
6.799610894941634,0.34757
6.803779877709839,0.346289
6.807948860478043,0.34757
6.812117843246248,0.343726
6.816286826014452,0.34757
6.820455808782657,0.350134
6.824624791550861,0.342444
6.828793774319066,0.348852
6.83296275708727,0.359104
6.837131739855475,0.357823
6.8413007226236795,0.359104
6.845469705391884,0.345007
6.849638688160089,0.342444
6.853807670928293,0.343726
6.857976653696498,0.341163
6.862145636464702,0.339881
6.866314619232907,0.337318
6.870483602001111,0.328347
6.874652584769316,0.321939
6.87882156753752,0.318094
6.882990550305725,0.316813
6.8871595330739295,0.318094
6.891328515842134,0.312968
6.895497498610339,0.311687
6.899666481378543,0.338599
6.903835464146748,0.325784
6.908004446914953,0.2899
6.912173429683158,0.2899
6.916342412451362,0.301434
6.920511395219567,0.303997
6.924680377987771,0.302716
6.928849360755976,0.30656
6.93301834352418,0.311687
6.937187326292385,0.31425
6.941356309060589,0.311687
6.945525291828794,0.312968
6.9496942745969985,0.312968
6.953863257365203,0.318094
6.958032240133408,0.311687
6.962201222901612,0.315531
6.966370205669817,0.31425
6.970539188438021,0.311687
6.974708171206226,0.319376
6.97887715397443,0.319376
6.983046136742635,0.318094
6.987215119510839,0.316813
6.991384102279044,0.318094
6.9955530850472485,0.318094
6.999722067815453,0.316813
7.003891050583658,0.312968
7.008060033351862,0.316813
7.012229016120067,0.318094
7.016397998888271,0.324502
7.020566981656476,0.318094
7.02473596442468,0.318094
7.028904947192885,0.319376
7.033073929961089,0.316813
7.037242912729294,0.319376
7.0414118954974985,0.321939
7.045580878265703,0.316813
7.0497498610339075,0.319376
7.053918843802112,0.321939
7.058087826570317,0.320658
7.062256809338521,0.320658
7.066425792106726,0.323221
7.07059477487493,0.321939
7.074763757643135,0.325784
7.078932740411339,0.327065
7.083101723179544,0.329629
7.087270705947748,0.332192
7.091439688715953,0.321939
7.0956086714841575,0.318094
7.099777654252362,0.320658
7.103946637020567,0.323221
7.108115619788771,0.325784
7.112284602556976,0.321939
7.11645358532518,0.323221
7.120622568093385,0.319376
7.124791550861589,0.315531
7.128960533629794,0.318094
7.133129516397998,0.316813
7.137298499166203,0.312968
7.1414674819344075,0.309124
7.145636464702612,0.312968
7.149805447470817,0.320658
7.153974430239021,0.333473
7.158143413007227,0.329629
7.162312395775431,0.332192
7.166481378543636,0.329629
7.17065036131184,0.321939
7.174819344080045,0.315531
7.178988326848249,0.318094
7.183157309616454,0.310405
7.187326292384658,0.309124
7.191495275152863,0.309124
7.1956642579210675,0.311687
7.199833240689272,0.31425
7.2040022234574765,0.319376
7.208171206225681,0.320658
7.212340188993886,0.31425
7.21650917176209,0.315531
7.220678154530295,0.311687
7.224847137298499,0.316813
7.229016120066704,0.312968
7.233185102834908,0.310405
7.237354085603113,0.312968
7.241523068371317,0.309124
7.245692051139522,0.310405
7.2498610339077265,0.307842
7.254030016675931,0.305279
7.258198999444136,0.307842
7.26236798221234,0.307842
7.266536964980545,0.310405
7.270705947748749,0.307842
7.274874930516954,0.307842
7.279043913285158,0.305279
7.283212896053363,0.307842
7.287381878821567,0.300153
7.291550861589772,0.277084
7.2957198443579765,0.271958
7.299888827126181,0.275803
7.304057809894386,0.278366
7.30822679266259,0.279648
7.312395775430795,0.279648
7.316564758198999,0.280929
7.320733740967204,0.277084
7.324902723735408,0.277084
7.329071706503613,0.300153
7.333240689271817,0.298871
7.337409672040022,0.301434
7.3415786548082265,0.300153
7.345747637576431,0.303997
7.3499166203446356,0.312968
7.35408560311284,0.315531
7.358254585881045,0.31425
7.362423568649249,0.312968
7.366592551417454,0.312968
7.370761534185658,0.312968
7.374930516953863,0.300153
7.379099499722067,0.292463
7.383268482490272,0.296308
7.387437465258476,0.295026
7.391606448026681,0.295026
7.3957754307948855,0.295026
7.39994441356309,0.292463
7.404113396331295,0.291182
7.4082823790995,0.284774
7.412451361867705,0.287337
7.416620344635909,0.298871
7.420789327404114,0.301434
7.424958310172318,0.298871
7.429127292940523,0.301434
7.433296275708727,0.295026
7.437465258476932,0.298871
7.441634241245136,0.300153
7.445803224013341,0.296308
7.4499722067815455,0.297589
7.45414118954975,0.296308
7.458310172317955,0.295026
7.462479155086159,0.296308
7.466648137854364,0.2899
7.470817120622568,0.287337
7.474986103390773,0.284774
7.479155086158977,0.286055
7.483324068927182,0.292463
7.487493051695386,0.295026
7.491662034463591,0.295026
7.4958310172317955,0.295026
7.5,0.292463
7.5041689827682045,0.296308
7.508337965536409,0.291182
7.512506948304614,0.2899
7.516675931072818,0.291182
7.520844913841023,0.292463
7.525013896609227,0.291182
7.529182879377432,0.293745
7.533351862145636,0.291182
7.537520844913841,0.292463
7.541689827682045,0.291182
7.54585881045025,0.293745
7.5500277932184545,0.292463
7.554196775986659,0.293745
7.558365758754864,0.2899
7.562534741523068,0.291182
7.566703724291273,0.2899
7.570872707059477,0.284774
7.575041689827682,0.282211
7.579210672595886,0.283492
7.583379655364091,0.282211
7.587548638132295,0.282211
7.5917176209005,0.279648
7.5958866036687045,0.279648
7.600055586436909,0.275803
7.604224569205114,0.279648
7.608393551973318,0.278366
7.612562534741523,0.280929
7.616731517509727,0.278366
7.620900500277932,0.279648
7.625069483046136,0.283492
7.629238465814341,0.284774
7.633407448582545,0.282211
7.63757643135075,0.282211
7.6417454141189545,0.282211
7.645914396887159,0.280929
7.650083379655364,0.279648
7.654252362423568,0.279648
7.658421345191773,0.280929
7.662590327959978,0.283492
7.666759310728183,0.283492
7.670928293496387,0.287337
7.675097276264592,0.286055
7.679266259032796,0.287337
7.683435241801001,0.283492
7.687604224569205,0.287337
7.69177320733741,0.288619
7.695942190105614,0.287337
7.700111172873819,0.284774
7.7042801556420235,0.287337
7.708449138410228,0.286055
7.712618121178433,0.287337
7.716787103946637,0.288619
7.720956086714842,0.287337
7.725125069483046,0.287337
7.729294052251251,0.286055
7.733463035019455,0.288619
7.73763201778766,0.287337
7.741801000555864,0.286055
7.745969983324069,0.286055
7.7501389660922735,0.287337
7.754307948860478,0.284774
7.758476931628683,0.286055
7.762645914396887,0.284774
7.766814897165092,0.283492
7.770983879933296,0.283492
7.775152862701501,0.282211
7.779321845469705,0.280929
7.78349082823791,0.284774
7.787659811006114,0.288619
7.791828793774319,0.277084
7.7959977765425235,0.279648
7.800166759310728,0.280929
7.8043357420789325,0.282211
7.808504724847137,0.279648
7.812673707615342,0.283492
7.816842690383546,0.282211
7.821011673151751,0.284774
7.825180655919955,0.282211
7.82934963868816,0.282211
7.833518621456364,0.288619
7.837687604224569,0.287337
7.841856586992773,0.292463
7.846025569760978,0.292463
7.8501945525291825,0.296308
7.854363535297387,0.295026
7.858532518065592,0.292463
7.862701500833796,0.295026
7.866870483602001,0.297589
7.871039466370205,0.295026
7.87520844913841,0.292463
7.879377431906614,0.295026
7.883546414674819,0.292463
7.887715397443023,0.309124
7.891884380211228,0.342444
7.8960533629794325,0.356541
7.900222345747637,0.383454
7.904391328515842,0.382173
7.908560311284046,0.370639
7.912729294052252,0.365512
7.916898276820456,0.369357
7.921067259588661,0.361668
7.925236242356865,0.37192
7.92940522512507,0.365512
7.933574207893274,0.370639
7.937743190661479,0.366794
7.941912173429683,0.37192
7.946081156197888,0.370639
7.9502501389660925,0.369357
7.954419121734297,0.369357
7.9585881045025015,0.364231
7.962757087270706,0.359104
7.966926070038911,0.359104
7.971095052807115,0.359104
7.97526403557532,0.364231
7.979433018343524,0.364231
7.983602001111729,0.364231
7.987770983879933,0.374483
7.991939966648138,0.37192
7.996108949416342,0.357823
8.000277932184547,0.373202
8.004446914952752,0.39627
8.008615897720956,0.424464
8.01278488048916,0.410367
8.016953863257365,0.400114
8.02112284602557,0.393707
8.025291828793774,0.382173
8.029460811561979,0.373202
8.033629794330183,0.370639
8.037798777098388,0.37192
8.041967759866592,0.377046
8.046136742634797,0.366794
8.050305725403001,0.365512
8.054474708171206,0.373202
8.05864369093941,0.374483
8.062812673707615,0.373202
8.06698165647582,0.369357
8.071150639244024,0.373202
8.075319622012229,0.382173
8.079488604780433,0.377046
8.083657587548638,0.370639
8.087826570316842,0.352697
8.091995553085047,0.346289
8.096164535853251,0.365512
8.100333518621456,0.353978
8.10450250138966,0.334755
8.108671484157865,0.338599
8.11284046692607,0.337318
8.117009449694274,0.333473
8.121178432462479,0.328347
8.125347415230683,0.320658
8.129516397998888,0.327065
8.133685380767092,0.332192
8.137854363535297,0.33091
8.142023346303501,0.305279
8.146192329071706,0.293745
8.15036131183991,0.30656
8.154530294608115,0.303997
8.15869927737632,0.298871
8.162868260144524,0.297589
8.167037242912729,0.295026
8.171206225680933,0.300153
8.175375208449138,0.302716
8.179544191217342,0.302716
8.183713173985547,0.303997
8.187882156753751,0.300153
8.192051139521956,0.302716
8.19622012229016,0.298871
8.200389105058365,0.301434
8.20455808782657,0.295026
8.208727070594774,0.302716
8.212896053362979,0.296308
8.217065036131183,0.297589
8.221234018899388,0.295026
8.225403001667592,0.296308
8.229571984435797,0.298871
8.233740967204001,0.302716
8.237909949972206,0.318094
8.24207893274041,0.305279
8.246247915508615,0.305279
8.25041689827682,0.301434
8.254585881045024,0.302716
8.258754863813229,0.298871
8.262923846581433,0.296308
8.267092829349638,0.302716
8.271261812117842,0.303997
8.275430794886047,0.302716
8.279599777654251,0.302716
8.283768760422456,0.301434
8.287937743190662,0.301434
8.292106725958867,0.298871
8.296275708727071,0.301434
8.300444691495276,0.300153
8.30461367426348,0.300153
8.308782657031685,0.298871
8.31295163979989,0.298871
8.317120622568094,0.301434
8.321289605336299,0.297589
8.325458588104503,0.301434
8.329627570872708,0.315531
8.333796553640912,0.496232
8.337965536409117,0.325784
8.342134519177321,0.274521
8.346303501945526,0.256579
8.35047248471373,0.246327
8.354641467481935,0.242482
8.35881045025014,0.241201
8.362979433018344,0.239919
8.367148415786549,0.242482
8.371317398554753,0.239919
8.375486381322958,0.239919
8.379655364091162,0.238638
8.383824346859367,0.239919
8.387993329627571,0.239919
8.392162312395776,0.242482
8.39633129516398,0.242482
8.400500277932185,0.245045
8.40466926070039,0.242482
8.408838243468594,0.242482
8.413007226236799,0.243764
8.417176209005003,0.241201
8.421345191773208,0.242482
8.425514174541412,0.242482
8.429683157309617,0.239919
8.433852140077821,0.238638
8.438021122846026,0.236074
8.44219010561423,0.239919
8.446359088382435,0.238638
8.45052807115064,0.241201
8.454697053918844,0.239919
8.458866036687049,0.239919
8.463035019455253,0.237356
8.467204002223458,0.243764
8.471372984991662,0.239919
8.475541967759867,0.238638
8.479710950528071,0.234793
8.483879933296276,0.239919
8.48804891606448,0.236074
8.492217898832685,0.238638
8.49638688160089,0.241201
8.500555864369094,0.237356
8.504724847137298,0.237356
8.508893829905503,0.237356
8.513062812673708,0.239919
8.517231795441912,0.234793
8.521400778210117,0.237356
8.525569760978321,0.236074
8.529738743746526,0.241201
8.53390772651473,0.245045
8.538076709282935,0.246327
8.54224569205114,0.245045
8.546414674819344,0.245045
8.550583657587548,0.241201
8.554752640355753,0.245045
8.558921623123958,0.241201
8.563090605892162,0.243764
8.567259588660367,0.242482
8.571428571428571,0.239919
8.575597554196776,0.241201
8.57976653696498,0.241201
8.583935519733185,0.242482
8.58810450250139,0.242482
8.592273485269594,0.243764
8.596442468037798,0.241201
8.600611450806003,0.243764
8.604780433574208,0.242482
8.608949416342412,0.242482
8.613118399110617,0.241201
8.617287381878821,0.238638
8.621456364647026,0.239919
8.62562534741523,0.241201
8.629794330183435,0.239919
8.63396331295164,0.242482
8.638132295719844,0.238638
8.642301278488048,0.242482
8.646470261256253,0.237356
8.650639244024457,0.243764
8.654808226792662,0.246327
8.658977209560867,0.238638
8.663146192329071,0.241201
8.667315175097276,0.243764
8.67148415786548,0.241201
8.675653140633685,0.239919
8.67982212340189,0.243764
8.683991106170094,0.241201
8.688160088938298,0.241201
8.692329071706503,0.239919
8.696498054474707,0.238638
8.700667037242912,0.237356
8.704836020011117,0.241201
8.709005002779321,0.237356
8.713173985547526,0.239919
8.71734296831573,0.238638
8.721511951083935,0.241201
8.72568093385214,0.237356
8.729849916620344,0.241201
8.734018899388548,0.239919
8.738187882156753,0.239919
8.742356864924957,0.239919
8.746525847693162,0.238638
8.750694830461367,0.237356
8.754863813229571,0.236074
8.759032795997776,0.237356
8.76320177876598,0.238638
8.767370761534185,0.237356
8.77153974430239,0.238638
8.775708727070594,0.236074
8.779877709838798,0.237356
8.784046692607003,0.239919
8.788215675375207,0.239919
8.792384658143414,0.236074
8.796553640911618,0.236074
8.800722623679823,0.241201
8.804891606448027,0.234793
8.809060589216232,0.237356
8.813229571984436,0.236074
8.817398554752641,0.238638
8.821567537520846,0.238638
8.82573652028905,0.234793
8.829905503057255,0.236074
8.83407448582546,0.237356
8.838243468593664,0.234793
8.842412451361868,0.233511
8.846581434130073,0.237356
8.850750416898277,0.236074
8.854919399666482,0.234793
8.859088382434686,0.236074
8.863257365202891,0.236074
8.867426347971096,0.234793
8.8715953307393,0.233511
8.875764313507505,0.234793
8.87993329627571,0.234793
8.884102279043914,0.234793
8.888271261812118,0.234793
8.892440244580323,0.230948
8.896609227348527,0.23223
8.900778210116732,0.233511
8.904947192884936,0.234793
8.909116175653141,0.23223
8.913285158421345,0.23223
8.91745414118955,0.234793
8.921623123957755,0.234793
8.92579210672596,0.234793
8.929961089494164,0.23223
8.934130072262368,0.233511
8.938299055030573,0.23223
8.942468037798777,0.23223
8.946637020566982,0.23223
8.950806003335186,0.23223
8.954974986103391,0.233511
8.959143968871595,0.236074
8.9633129516398,0.264269
8.967481934408005,0.366794
8.971650917176209,0.315531
8.975819899944414,0.264269
8.979988882712618,0.238638
8.984157865480823,0.237356
8.988326848249027,0.309124
8.992495831017232,0.434717
8.996664813785436,0.397551
9.000833796553641,0.298871
9.005002779321845,0.291182
9.00917176209005,0.278366
9.013340744858255,0.282211
9.017509727626459,0.282211
9.021678710394664,0.287337
9.025847693162868,0.311687
9.030016675931073,0.315531
9.034185658699277,0.319376
9.038354641467482,0.303997
9.042523624235686,0.411649
9.04669260700389,0.351415
9.050861589772095,0.329629
9.0550305725403,0.333473
9.059199555308505,0.423183
9.063368538076709,0.34757
9.067537520844914,0.361668
9.071706503613118,0.474445
9.075875486381323,0.452659
9.080044469149527,0.451377
9.084213451917732,0.387299
9.088382434685936,0.368075
9.09255141745414,0.361668
9.096720400222345,0.353978
9.10088938299055,0.435998
9.105058365758754,0.430872
9.109227348526959,0.387299
9.113396331295164,0.373202
9.117565314063368,0.37192
9.121734296831573,0.343726
9.125903279599777,0.31425
9.130072262367982,0.292463
9.134241245136186,0.284774
9.13841022790439,0.278366
9.142579210672595,0.268114
9.1467481934408,0.270677
9.150917176209004,0.292463
9.155086158977209,0.296308
9.159255141745414,0.288619
9.163424124513618,0.291182
9.167593107281823,0.288619
9.171762090050027,0.291182
9.175931072818232,0.291182
9.180100055586436,0.291182
9.18426903835464,0.283492
9.188438021122845,0.278366
9.19260700389105,0.274521
9.196775986659254,0.283492
9.200944969427459,0.2899
9.205113952195664,0.283492
9.209282934963868,0.328347
9.213451917732073,0.297589
9.217620900500277,0.264269
9.221789883268482,0.280929
9.225958866036686,0.296308
9.23012784880489,0.298871
9.234296831573095,0.297589
9.2384658143413,0.295026
9.242634797109504,0.298871
9.246803779877709,0.296308
9.250972762645914,0.298871
9.255141745414118,0.297589
9.259310728182323,0.296308
9.263479710950527,0.296308
9.267648693718732,0.298871
9.271817676486936,0.298871
9.27598665925514,0.298871
9.280155642023345,0.298871
9.28432462479155,0.298871
9.288493607559754,0.296308
9.29266259032796,0.297589
9.296831573096165,0.297589
9.30100055586437,0.292463
9.305169538632574,0.284774
9.309338521400779,0.2899
9.313507504168983,0.292463
9.317676486937188,0.292463
9.321845469705393,0.292463
9.326014452473597,0.293745
9.330183435241802,0.292463
9.334352418010006,0.295026
9.33852140077821,0.293745
9.342690383546415,0.293745
9.34685936631462,0.293745
9.351028349082824,0.291182
9.355197331851029,0.2899
9.359366314619233,0.292463
9.363535297387438,0.291182
9.367704280155642,0.292463
9.371873262923847,0.292463
9.376042245692052,0.293745
9.380211228460256,0.291182
9.38438021122846,0.291182
9.388549193996665,0.291182
9.39271817676487,0.295026
9.396887159533074,0.292463
9.401056142301279,0.296308
9.405225125069483,0.292463
9.409394107837688,0.295026
9.413563090605892,0.291182
9.417732073374097,0.292463
9.421901056142302,0.291182
9.426070038910506,0.296308
9.43023902167871,0.296308
9.434408004446915,0.296308
9.43857698721512,0.297589
9.442745969983324,0.298871
9.446914952751529,0.300153
9.451083935519733,0.298871
9.455252918287938,0.301434
9.459421901056142,0.298871
9.463590883824347,0.302716
9.467759866592552,0.302716
9.471928849360756,0.300153
9.47609783212896,0.302716
9.480266814897165,0.300153
9.48443579766537,0.300153
9.488604780433574,0.305279
9.492773763201779,0.303997
9.496942745969983,0.303997
9.501111728738188,0.307842
9.505280711506392,0.310405
9.509449694274597,0.309124
9.513618677042802,0.312968
9.517787659811006,0.309124
9.52195664257921,0.312968
9.526125625347415,0.310405
9.53029460811562,0.312968
9.534463590883824,0.309124
9.538632573652029,0.310405
9.542801556420233,0.309124
9.546970539188438,0.307842
9.551139521956642,0.309124
9.555308504724847,0.30656
9.559477487493051,0.307842
9.563646470261256,0.310405
9.56781545302946,0.309124
9.571984435797665,0.312968
9.57615341856587,0.307842
9.580322401334074,0.303997
9.584491384102279,0.310405
9.588660366870483,0.310405
9.592829349638688,0.312968
9.596998332406892,0.311687
9.601167315175097,0.316813
9.605336297943301,0.324502
9.609505280711506,0.324502
9.61367426347971,0.327065
9.617843246247915,0.33091
9.62201222901612,0.329629
9.626181211784324,0.338599
9.630350194552529,0.329629
9.634519177320733,0.325784
9.638688160088938,0.321939
9.642857142857142,0.318094
9.647026125625347,0.311687
9.651195108393551,0.309124
9.655364091161756,0.311687
9.65953307392996,0.31425
9.663702056698165,0.309124
9.66787103946637,0.309124
9.672040022234574,0.30656
9.676209005002779,0.305279
9.680377987770983,0.307842
9.684546970539188,0.307842
9.688715953307392,0.30656
9.692884936075597,0.309124
9.697053918843801,0.303997
9.701222901612006,0.309124
9.70539188438021,0.307842
9.709560867148415,0.310405
9.71372984991662,0.30656
9.717898832684824,0.30656
9.722067815453029,0.303997
9.726236798221233,0.302716
9.730405780989438,0.302716
9.734574763757642,0.30656
9.738743746525847,0.303997
9.742912729294051,0.305279
9.747081712062256,0.30656
9.75125069483046,0.30656
9.755419677598665,0.307842
9.75958866036687,0.30656
9.763757643135074,0.303997
9.767926625903279,0.303997
9.772095608671483,0.302716
9.776264591439688,0.303997
9.780433574207892,0.305279
9.784602556976097,0.303997
9.788771539744301,0.305279
9.792940522512506,0.302716
9.797109505280712,0.307842
9.801278488048917,0.307842
9.805447470817121,0.302716
9.809616453585326,0.301434
9.81378543635353,0.301434
9.817954419121735,0.302716
9.82212340188994,0.303997
9.826292384658144,0.301434
9.830461367426349,0.305279
9.834630350194553,0.302716
9.838799332962758,0.30656
9.842968315730962,0.303997
9.847137298499167,0.303997
9.851306281267371,0.302716
9.855475264035576,0.300153
9.85964424680378,0.302716
9.863813229571985,0.303997
9.86798221234019,0.305279
9.872151195108394,0.305279
9.876320177876599,0.305279
9.880489160644803,0.307842
9.884658143413008,0.311687
9.888827126181212,0.303997
9.892996108949417,0.298871
9.897165091717621,0.303997
9.901334074485826,0.302716
9.90550305725403,0.307842
9.909672040022235,0.31425
9.91384102279044,0.329629
9.918010005558644,0.343726
9.922178988326849,0.332192
9.926347971095053,0.327065
9.930516953863258,0.319376
9.934685936631462,0.316813
9.938854919399667,0.315531
9.943023902167871,0.318094
9.947192884936076,0.320658
9.95136186770428,0.328347
9.955530850472485,0.332192
9.95969983324069,0.334755
9.963868816008894,0.336036
9.968037798777099,0.338599
9.972206781545303,0.336036
9.976375764313508,0.34757
9.980544747081712,0.345007
9.984713729849917,0.351415
9.988882712618121,0.35526
9.993051695386326,0.35526
9.99722067815453,0.34757
10.001389660922735,0.348852
10.00555864369094,0.34757
10.009727626459144,0.337318
10.013896609227348,0.321939
10.018065591995553,0.316813
10.022234574763758,0.316813
10.026403557531962,0.316813
10.030572540300167,0.312968
10.034741523068371,0.312968
10.038910505836576,0.310405
10.04307948860478,0.310405
10.047248471372985,0.312968
10.05141745414119,0.311687
10.055586436909394,0.312968
10.059755419677598,0.311687
10.063924402445803,0.312968
10.068093385214008,0.310405
10.072262367982212,0.31425
10.076431350750417,0.310405
10.080600333518621,0.31425
10.084769316286826,0.310405
10.08893829905503,0.311687
10.093107281823235,0.310405
10.09727626459144,0.311687
10.101445247359644,0.311687
10.105614230127848,0.310405
10.109783212896053,0.311687
10.113952195664258,0.309124
10.118121178432462,0.307842
10.122290161200667,0.309124
10.126459143968871,0.309124
10.130628126737076,0.310405
10.13479710950528,0.318094
10.138966092273485,0.310405
10.14313507504169,0.311687
10.147304057809894,0.309124
10.151473040578098,0.312968
10.155642023346303,0.307842
10.159811006114507,0.310405
10.163979988882712,0.311687
10.168148971650917,0.310405
10.172317954419121,0.309124
10.176486937187326,0.310405
10.18065591995553,0.310405
10.184824902723735,0.310405
10.18899388549194,0.309124
10.193162868260144,0.310405
10.197331851028348,0.311687
10.201500833796553,0.31425
10.205669816564757,0.310405
10.209838799332962,0.311687
10.214007782101167,0.311687
10.218176764869371,0.310405
10.222345747637576,0.307842
10.22651473040578,0.310405
10.230683713173985,0.30656
10.23485269594219,0.310405
10.239021678710394,0.311687
10.243190661478598,0.310405
10.247359644246803,0.311687
10.251528627015007,0.309124
10.255697609783212,0.312968
10.259866592551417,0.309124
10.264035575319621,0.307842
10.268204558087826,0.307842
10.27237354085603,0.311687
10.276542523624235,0.309124
10.28071150639244,0.310405
10.284880489160644,0.309124
10.289049471928848,0.307842
10.293218454697053,0.310405
10.29738743746526,0.311687
10.301556420233464,0.30656
10.305725403001668,0.310405
10.309894385769873,0.310405
10.314063368538077,0.31425
10.318232351306282,0.309124
10.322401334074486,0.309124
10.326570316842691,0.310405
10.330739299610896,0.30656
10.3349082823791,0.305279
10.339077265147305,0.307842
10.34324624791551,0.310405
10.347415230683714,0.311687
10.351584213451918,0.310405
10.355753196220123,0.324502
10.359922178988327,0.334755
10.364091161756532,0.327065
10.368260144524736,0.316813
10.372429127292941,0.310405
10.376598110061146,0.302716
10.38076709282935,0.297589
10.384936075597555,0.300153
10.38910505836576,0.305279
10.393274041133964,0.30656
10.397443023902168,0.300153
10.401612006670373,0.298871
10.405780989438577,0.301434
10.409949972206782,0.301434
10.414118954974986,0.297589
10.418287937743191,0.300153
10.422456920511395,0.297589
10.4266259032796,0.300153
10.430794886047805,0.300153
10.43496386881601,0.301434
10.439132851584214,0.302716
10.443301834352418,0.300153
10.447470817120623,0.296308
10.451639799888827,0.298871
10.455808782657032,0.301434
10.459977765425236,0.297589
10.464146748193441,0.302716
10.468315730961645,0.301434
10.47248471372985,0.300153
10.476653696498055,0.300153
10.480822679266259,0.300153
10.484991662034464,0.300153
10.489160644802668,0.298871
10.493329627570873,0.296308
10.497498610339077,0.296308
10.501667593107282,0.297589
10.505836575875486,0.296308
10.510005558643691,0.296308
10.514174541411895,0.292463
10.5183435241801,0.296308
10.522512506948305,0.293745
10.526681489716509,0.293745
10.530850472484714,0.292463
10.535019455252918,0.292463
10.539188438021123,0.2899
10.543357420789327,0.288619
10.547526403557532,0.293745
10.551695386325736,0.292463
10.55586436909394,0.291182
10.560033351862145,0.296308
10.56420233463035,0.292463
10.568371317398555,0.297589
10.572540300166759,0.298871
10.576709282934964,0.302716
10.580878265703168,0.298871
10.585047248471373,0.301434
10.589216231239577,0.298871
10.593385214007782,0.298871
10.597554196775986,0.295026
10.60172317954419,0.297589
10.605892162312395,0.298871
10.6100611450806,0.297589
10.614230127848804,0.295026
10.618399110617009,0.298871
10.622568093385214,0.295026
10.626737076153418,0.297589
10.630906058921623,0.296308
10.635075041689827,0.293745
10.639244024458032,0.297589
10.643413007226236,0.295026
10.64758198999444,0.295026
10.651750972762645,0.296308
10.65591995553085,0.297589
10.660088938299054,0.296308
10.664257921067259,0.296308
10.668426903835464,0.295026
10.672595886603668,0.298871
10.676764869371873,0.298871
10.680933852140077,0.302716
10.685102834908282,0.310405
10.689271817676486,0.319376
10.69344080044469,0.319376
10.697609783212895,0.315531
10.7017787659811,0.31425
10.705947748749304,0.318094
10.710116731517509,0.323221
10.714285714285714,0.321939
10.718454697053918,0.321939
10.722623679822123,0.328347
10.726792662590327,0.312968
10.730961645358532,0.305279
10.735130628126736,0.303997
10.73929961089494,0.307842
10.743468593663145,0.315531
10.74763757643135,0.307842
10.751806559199554,0.30656
10.755975541967759,0.300153
10.760144524735964,0.298871
10.764313507504168,0.297589
10.768482490272373,0.297589
10.772651473040577,0.296308
10.776820455808782,0.302716
10.780989438576986,0.298871
10.78515842134519,0.296308
10.789327404113395,0.291182
10.7934963868816,0.2899
10.797665369649804,0.288619
10.80183435241801,0.291182
10.806003335186215,0.286055
10.81017231795442,0.291182
10.814341300722624,0.292463
10.818510283490829,0.292463
10.822679266259033,0.291182
10.826848249027238,0.2899
10.831017231795443,0.287337
10.835186214563647,0.291182
10.839355197331852,0.2899
10.843524180100056,0.293745
10.84769316286826,0.291182
10.851862145636465,0.2899
10.85603112840467,0.292463
10.860200111172874,0.292463
10.864369093941079,0.2899
10.868538076709283,0.292463
10.872707059477488,0.288619
10.876876042245692,0.30656
10.881045025013897,0.310405
10.885214007782102,0.303997
10.889382990550306,0.300153
10.89355197331851,0.298871
10.897720956086715,0.291182
10.90188993885492,0.284774
10.906058921623124,0.279648
10.910227904391329,0.277084
10.914396887159533,0.277084
10.918565869927738,0.274521
10.922734852695942,0.274521
10.926903835464147,0.271958
10.931072818232352,0.270677
10.935241801000556,0.271958
10.93941078376876,0.277084
10.943579766536965,0.279648
10.94774874930517,0.280929
10.951917732073374,0.282211
10.956086714841579,0.283492
10.960255697609783,0.280929
10.964424680377988,0.282211
10.968593663146192,0.283492
10.972762645914397,0.283492
10.976931628682602,0.283492
10.981100611450806,0.280929
10.98526959421901,0.280929
10.989438576987215,0.282211
10.99360755975542,0.283492
10.997776542523624,0.280929
11.001945525291829,0.280929
11.006114508060033,0.278366
11.010283490828238,0.277084
11.014452473596442,0.278366
11.018621456364647,0.279648
11.022790439132852,0.277084
11.026959421901056,0.274521
11.03112840466926,0.274521
11.035297387437465,0.277084
11.03946637020567,0.274521
11.043635352973874,0.277084
11.047804335742079,0.274521
11.051973318510283,0.277084
11.056142301278488,0.277084
11.060311284046692,0.278366
11.064480266814897,0.275803
11.068649249583101,0.278366
11.072818232351306,0.277084
11.07698721511951,0.279648
11.081156197887715,0.277084
11.08532518065592,0.279648
11.089494163424124,0.279648
11.093663146192329,0.275803
11.097832128960533,0.277084
11.102001111728738,0.279648
11.106170094496942,0.277084
11.110339077265147,0.277084
11.114508060033351,0.279648
11.118677042801556,0.275803
11.12284602556976,0.278366
11.127015008337965,0.282211
11.13118399110617,0.288619
11.135352973874374,0.293745
11.139521956642579,0.292463
11.143690939410783,0.296308
11.147859922178988,0.297589
11.152028904947192,0.297589
11.156197887715397,0.295026
11.160366870483601,0.292463
11.164535853251806,0.297589
11.16870483602001,0.298871
11.172873818788215,0.296308
11.17704280155642,0.295026
11.181211784324624,0.295026
11.185380767092829,0.295026
11.189549749861033,0.293745
11.193718732629238,0.295026
11.197887715397442,0.297589
11.202056698165647,0.293745
11.206225680933851,0.293745
11.210394663702056,0.297589
11.21456364647026,0.292463
11.218732629238465,0.296308
11.22290161200667,0.293745
11.227070594774874,0.296308
11.231239577543079,0.292463
11.235408560311283,0.296308
11.239577543079488,0.296308
11.243746525847692,0.297589
11.247915508615897,0.302716
11.252084491384101,0.321939
11.256253474152306,0.33091
11.26042245692051,0.356541
11.264591439688715,0.343726
11.26876042245692,0.31425
11.272929405225124,0.300153
11.277098387993329,0.284774
11.281267370761533,0.283492
11.285436353529738,0.318094
11.289605336297942,0.305279
11.293774319066147,0.292463
11.297943301834351,0.284774
11.302112284602558,0.279648
11.306281267370762,0.279648
11.310450250138967,0.279648
11.314619232907171,0.278366
11.318788215675376,0.277084
11.32295719844358,0.277084
11.327126181211785,0.275803
11.33129516397999,0.277084
11.335464146748194,0.277084
11.339633129516399,0.278366
11.343802112284603,0.278366
11.347971095052808,0.275803
11.352140077821012,0.278366
11.356309060589217,0.274521
11.360478043357421,0.277084
11.364647026125626,0.275803
11.36881600889383,0.271958
11.372984991662035,0.27324
11.37715397443024,0.274521
11.381322957198444,0.274521
11.385491939966649,0.27324
11.389660922734853,0.271958
11.393829905503058,0.275803
11.397998888271262,0.274521
11.402167871039467,0.275803
11.406336853807671,0.274521
11.410505836575876,0.271958
11.41467481934408,0.275803
11.418843802112285,0.271958
11.42301278488049,0.271958
11.427181767648694,0.27324
11.431350750416899,0.274521
11.435519733185103,0.270677
11.439688715953308,0.275803
11.443857698721512,0.274521
11.448026681489717,0.274521
11.452195664257921,0.27324
11.456364647026126,0.274521
11.46053362979433,0.271958
11.464702612562535,0.27324
11.46887159533074,0.277084
11.473040578098944,0.27324
11.477209560867148,0.271958
11.481378543635353,0.27324
11.485547526403558,0.270677
11.489716509171762,0.274521
11.493885491939967,0.271958
11.498054474708171,0.271958
11.502223457476376,0.27324
11.50639244024458,0.269395
11.510561423012785,0.27324
11.51473040578099,0.274521
11.518899388549194,0.271958
11.523068371317398,0.271958
11.527237354085603,0.274521
11.531406336853808,0.270677
11.535575319622012,0.27324
11.539744302390217,0.271958
11.543913285158421,0.268114
11.548082267926626,0.269395
11.55225125069483,0.271958
11.556420233463035,0.27324
11.56058921623124,0.269395
11.564758198999444,0.270677
11.568927181767648,0.269395
11.573096164535853,0.27324
11.577265147304058,0.27324
11.581434130072262,0.270677
11.585603112840467,0.270677
11.589772095608671,0.271958
11.593941078376876,0.268114
11.59811006114508,0.269395
11.602279043913285,0.269395
11.60644802668149,0.269395
11.610617009449694,0.268114
11.614785992217898,0.269395
11.618954974986103,0.269395
11.623123957754308,0.270677
11.627292940522512,0.268114
11.631461923290717,0.271958
11.635630906058921,0.269395
11.639799888827126,0.271958
11.64396887159533,0.26555
11.648137854363535,0.269395
11.65230683713174,0.268114
11.656475819899944,0.266832
11.660644802668148,0.266832
11.664813785436353,0.266832
11.668982768204557,0.26555
11.673151750972762,0.26555
11.677320733740967,0.268114
11.681489716509171,0.26555
11.685658699277376,0.270677
11.68982768204558,0.268114
11.693996664813785,0.266832
11.69816564758199,0.266832
11.702334630350194,0.266832
11.706503613118398,0.268114
11.710672595886603,0.269395
11.714841578654807,0.270677
11.719010561423012,0.266832
11.723179544191217,0.270677
11.727348526959421,0.266832
11.731517509727626,0.268114
11.73568649249583,0.264269
11.739855475264035,0.26555
11.74402445803224,0.26555
11.748193440800444,0.26555
11.752362423568648,0.268114
11.756531406336853,0.268114
11.760700389105057,0.269395
11.764869371873262,0.270677
11.769038354641467,0.283492
11.773207337409671,0.296308
11.777376320177876,0.315531
11.78154530294608,0.274521
11.785714285714285,0.270677
11.78988326848249,0.268114
11.794052251250694,0.269395
11.798221234018898,0.269395
11.802390216787103,0.271958
11.80655919955531,0.271958
11.810728182323514,0.268114
11.814897165091718,0.26555
11.819066147859923,0.269395
11.823235130628127,0.264269
11.827404113396332,0.336036
11.831573096164536,0.282211
11.835742078932741,0.264269
11.839911061700946,0.261706
11.84408004446915,0.264269
11.848249027237355,0.26555
11.85241801000556,0.264269
11.856586992773764,0.26555
11.860755975541968,0.255298
11.864924958310173,0.293745
11.869093941078377,0.277084
11.873262923846582,0.241201
11.877431906614786,0.237356
11.881600889382991,0.24889
11.885769872151196,0.255298
11.8899388549194,0.24889
11.894107837687605,0.236074
11.89827682045581,0.236074
11.902445803224014,0.233511
11.906614785992218,0.227104
11.910783768760423,0.223259
11.914952751528627,0.220696
11.919121734296832,0.233511
11.923290717065036,0.238638
11.927459699833241,0.238638
11.931628682601445,0.237356
11.93579766536965,0.238638
11.939966648137855,0.250172
11.94413563090606,0.252735
11.948304613674264,0.245045
11.952473596442468,0.238638
11.956642579210673,0.233511
11.960811561978877,0.23223
11.964980544747082,0.230948
11.969149527515286,0.229667
11.973318510283491,0.23223
11.977487493051695,0.23223
11.9816564758199,0.236074
11.985825458588105,0.234793
11.989994441356309,0.233511
11.994163424124514,0.237356
11.998332406892718,0.234793
12.002501389660923,0.237356
12.006670372429127,0.236074
12.010839355197332,0.237356
12.015008337965536,0.234793
12.019177320733741,0.236074
12.023346303501945,0.234793
12.02751528627015,0.236074
12.031684269038355,0.234793
12.035853251806559,0.23223
12.040022234574764,0.23223
12.044191217342968,0.233511
12.048360200111173,0.233511
12.052529182879377,0.233511
12.056698165647582,0.233511
12.060867148415786,0.233511
12.06503613118399,0.23223
12.069205113952195,0.233511
12.0733740967204,0.233511
12.077543079488605,0.23223
12.081712062256809,0.234793
12.085881045025014,0.23223
12.090050027793218,0.236074
12.094219010561423,0.23223
12.098387993329627,0.230948
12.102556976097832,0.233511
12.106725958866036,0.236074
12.11089494163424,0.233511
12.115063924402445,0.234793
12.11923290717065,0.236074
12.123401889938854,0.234793
12.127570872707059,0.237356
12.131739855475264,0.234793
12.135908838243468,0.237356
12.140077821011673,0.233511
12.144246803779877,0.236074
12.148415786548082,0.230948
12.152584769316286,0.234793
12.15675375208449,0.230948
12.160922734852695,0.233511
12.1650917176209,0.23223
12.169260700389104,0.23223
12.173429683157309,0.230948
12.177598665925514,0.230948
12.181767648693718,0.233511
12.185936631461923,0.23223
12.190105614230127,0.234793
12.194274596998332,0.23223
12.198443579766536,0.23223
12.20261256253474,0.23223
12.206781545302945,0.236074
12.21095052807115,0.23223
12.215119510839354,0.23223
12.219288493607559,0.23223
12.223457476375764,0.233511
12.227626459143968,0.230948
12.231795441912173,0.23223
12.235964424680377,0.230948
12.240133407448582,0.23223
12.244302390216786,0.234793
12.24847137298499,0.23223
12.252640355753195,0.234793
12.2568093385214,0.230948
12.260978321289604,0.234793
12.265147304057809,0.23223
12.269316286826013,0.233511
12.273485269594218,0.233511
12.277654252362423,0.236074
12.281823235130627,0.233511
12.285992217898832,0.233511
12.290161200667036,0.23223
12.29433018343524,0.233511
12.298499166203445,0.233511
12.30266814897165,0.233511
12.306837131739856,0.23223
12.31100611450806,0.234793
12.315175097276265,0.23223
12.31934408004447,0.233511
12.323513062812674,0.236074
12.327682045580879,0.230948
12.331851028349083,0.233511
12.336020011117288,0.23223
12.340188993885493,0.233511
12.344357976653697,0.234793
12.348526959421902,0.236074
12.352695942190106,0.233511
12.35686492495831,0.233511
12.361033907726515,0.234793
12.36520289049472,0.23223
12.369371873262924,0.233511
12.373540856031129,0.23223
12.377709838799333,0.234793
12.381878821567538,0.23223
12.386047804335742,0.233511
12.390216787103947,0.23223
12.394385769872152,0.230948
12.398554752640356,0.23223
12.40272373540856,0.234793
12.406892718176765,0.230948
12.41106170094497,0.234793
12.415230683713174,0.233511
12.419399666481379,0.230948
12.423568649249583,0.233511
12.427737632017788,0.23223
12.431906614785992,0.230948
12.436075597554197,0.230948
12.440244580322402,0.236074
12.444413563090606,0.228385
12.44858254585881,0.230948
12.452751528627015,0.233511
12.45692051139522,0.233511
12.461089494163424,0.233511
12.465258476931629,0.23223
12.469427459699833,0.236074
12.473596442468038,0.23223
12.477765425236242,0.23223
12.481934408004447,0.233511
12.486103390772652,0.233511
12.490272373540856,0.230948
12.49444135630906,0.233511
12.498610339077265,0.230948
12.50277932184547,0.234793
12.506948304613674,0.233511
12.511117287381879,0.23223
12.515286270150083,0.23223
12.519455252918288,0.230948
12.523624235686492,0.228385
12.527793218454697,0.230948
12.531962201222901,0.23223
12.536131183991106,0.230948
12.54030016675931,0.230948
12.544469149527515,0.23223
12.54863813229572,0.230948
12.552807115063924,0.23223
12.556976097832129,0.230948
12.561145080600333,0.23223
12.565314063368538,0.230948
12.569483046136742,0.23223
12.573652028904947,0.230948
12.577821011673151,0.23223
12.581989994441356,0.229667
12.58615897720956,0.23223
12.590327959977765,0.230948
12.59449694274597,0.230948
12.598665925514174,0.230948
12.602834908282379,0.23223
12.607003891050583,0.230948
12.611172873818788,0.23223
12.615341856586992,0.230948
12.619510839355197,0.229667
12.623679822123401,0.230948
12.627848804891606,0.230948
12.63201778765981,0.233511
12.636186770428015,0.23223
12.64035575319622,0.23223
12.644524735964424,0.23223
12.648693718732629,0.23223
12.652862701500833,0.230948
12.657031684269038,0.229667
12.661200667037242,0.230948
12.665369649805447,0.230948
12.669538632573651,0.233511
12.673707615341856,0.229667
12.67787659811006,0.23223
12.682045580878265,0.23223
12.68621456364647,0.23223
12.690383546414674,0.227104
12.694552529182879,0.230948
12.698721511951083,0.225822
12.702890494719288,0.227104
12.707059477487492,0.22454
12.711228460255697,0.225822
12.715397443023901,0.225822
12.719566425792106,0.22454
12.72373540856031,0.225822
12.727904391328515,0.225822
12.73207337409672,0.227104
12.736242356864924,0.225822
12.740411339633129,0.223259
12.744580322401333,0.223259
12.748749305169538,0.227104
12.752918287937742,0.22454
12.757087270705947,0.225822
12.761256253474151,0.225822
12.765425236242356,0.22454
12.76959421901056,0.225822
12.773763201778765,0.225822
12.77793218454697,0.225822
12.782101167315174,0.22454
12.786270150083379,0.227104
12.790439132851583,0.223259
12.794608115619788,0.225822
12.798777098387992,0.22454
12.802946081156197,0.229667
12.807115063924403,0.223259
12.811284046692608,0.225822
12.815453029460812,0.223259
12.819622012229017,0.228385
12.823790994997221,0.225822
12.827959977765426,0.22454
12.83212896053363,0.22454
12.836297943301835,0.223259
12.84046692607004,0.228385
12.844635908838244,0.22454
12.848804891606449,0.227104
12.852973874374653,0.22454
12.857142857142858,0.225822
12.861311839911062,0.22454
12.865480822679267,0.22454
12.869649805447471,0.225822
12.873818788215676,0.225822
12.87798777098388,0.22454
12.882156753752085,0.223259
12.88632573652029,0.227104
12.890494719288494,0.22454
12.894663702056699,0.228385
12.898832684824903,0.223259
12.903001667593108,0.225822
12.907170650361312,0.223259
12.911339633129517,0.227104
12.915508615897721,0.22454
12.919677598665926,0.227104
12.92384658143413,0.223259
12.928015564202335,0.22454
12.93218454697054,0.22454
12.936353529738744,0.22454
12.940522512506949,0.22454
12.944691495275153,0.22454
12.948860478043358,0.22454
12.953029460811562,0.22454
12.957198443579767,0.228385
12.961367426347971,0.225822
12.965536409116176,0.223259
12.96970539188438,0.22454
12.973874374652585,0.227104
12.97804335742079,0.223259
12.982212340188994,0.22454
12.986381322957198,0.22454
12.990550305725403,0.227104
12.994719288493608,0.223259
12.998888271261812,0.227104
13.003057254030017,0.223259
13.007226236798221,0.22454
13.011395219566426,0.228385
13.01556420233463,0.223259
13.019733185102835,0.22454
13.02390216787104,0.22454
13.028071150639244,0.22454
13.032240133407448,0.22454
13.036409116175653,0.225822
13.040578098943858,0.22454
13.044747081712062,0.225822
13.048916064480267,0.220696
13.053085047248471,0.225822
13.057254030016676,0.225822
13.06142301278488,0.225822
13.065591995553085,0.221977
13.06976097832129,0.221977
13.073929961089494,0.225822
13.078098943857698,0.223259
13.082267926625903,0.225822
13.086436909394108,0.223259
13.090605892162312,0.225822
13.094774874930517,0.22454
13.098943857698721,0.223259
13.103112840466926,0.223259
13.10728182323513,0.225822
13.111450806003335,0.223259
13.11561978877154,0.225822
13.119788771539744,0.221977
13.123957754307948,0.22454
13.128126737076153,0.221977
13.132295719844358,0.223259
13.136464702612562,0.228385
13.140633685380767,0.221977
13.144802668148971,0.227104
13.148971650917176,0.223259
13.15314063368538,0.22454
13.157309616453585,0.220696
13.16147859922179,0.221977
13.165647581989994,0.220696
13.169816564758198,0.221977
13.173985547526403,0.221977
13.178154530294607,0.22454
13.182323513062812,0.223259
13.186492495831017,0.223259
13.190661478599221,0.220696
13.194830461367426,0.223259
13.19899944413563,0.225822
13.203168426903835,0.219414
13.20733740967204,0.225822
13.211506392440244,0.221977
13.215675375208448,0.22454
13.219844357976653,0.221977
13.224013340744857,0.220696
13.228182323513062,0.215569
13.232351306281267,0.223259
13.236520289049471,0.223259
13.240689271817676,0.221977
13.24485825458588,0.221977
13.249027237354085,0.219414
13.25319622012229,0.223259
13.257365202890494,0.221977
13.261534185658698,0.22454
13.265703168426903,0.221977
13.269872151195107,0.221977
13.274041133963312,0.219414
13.278210116731517,0.218133
13.282379099499721,0.220696
13.286548082267926,0.219414
13.29071706503613,0.216851
13.294886047804335,0.216851
13.29905503057254,0.218133
13.303224013340744,0.218133
13.307392996108948,0.216851
13.311561978877155,0.219414
13.31573096164536,0.221977
13.319899944413564,0.220696
13.324068927181768,0.219414
13.328237909949973,0.220696
13.332406892718177,0.221977
13.336575875486382,0.219414
13.340744858254586,0.220696
13.344913841022791,0.220696
13.349082823790996,0.220696
13.3532518065592,0.220696
13.357420789327405,0.22454
13.36158977209561,0.219414
13.365758754863814,0.221977
13.369927737632018,0.223259
13.374096720400223,0.223259
13.378265703168427,0.227104
13.382434685936632,0.22454
13.386603668704836,0.22454
13.390772651473041,0.225822
13.394941634241246,0.22454
13.39911061700945,0.225822
13.403279599777655,0.225822
13.40744858254586,0.221977
13.411617565314064,0.225822
13.415786548082268,0.223259
13.419955530850473,0.228385
13.424124513618677,0.225822
13.428293496386882,0.225822
13.432462479155086,0.223259
13.436631461923291,0.225822
13.440800444691495,0.22454
13.4449694274597,0.229667
13.449138410227905,0.225822
13.45330739299611,0.227104
13.457476375764314,0.225822
13.461645358532518,0.223259
13.465814341300723,0.22454
13.469983324068927,0.227104
13.474152306837132,0.229667
13.478321289605336,0.229667
13.482490272373541,0.229667
13.486659255141745,0.22454
13.49082823790995,0.227104
13.494997220678155,0.22454
13.499166203446359,0.225822
13.503335186214564,0.22454
13.507504168982768,0.225822
13.511673151750973,0.225822
13.515842134519177,0.225822
13.520011117287382,0.227104
13.524180100055586,0.223259
13.528349082823791,0.225822
13.532518065591995,0.221977
13.5366870483602,0.22454
13.540856031128405,0.223259
13.545025013896609,0.225822
13.549193996664814,0.225822
13.553362979433018,0.223259
13.557531962201223,0.225822
13.561700944969427,0.228385
13.565869927737632,0.223259
13.570038910505836,0.225822
13.57420789327404,0.223259
13.578376876042245,0.223259
13.58254585881045,0.223259
13.586714841578655,0.223259
13.590883824346859,0.223259
13.595052807115064,0.22454
13.599221789883268,0.223259
13.603390772651473,0.22454
13.607559755419677,0.223259
13.611728738187882,0.225822
13.615897720956086,0.223259
13.62006670372429,0.223259
13.624235686492495,0.22454
13.6284046692607,0.22454
13.632573652028904,0.22454
13.636742634797109,0.22454
13.640911617565314,0.225822
13.645080600333518,0.22454
13.649249583101723,0.228385
13.653418565869927,0.225822
13.657587548638132,0.227104
13.661756531406336,0.221977
13.66592551417454,0.225822
13.670094496942745,0.223259
13.67426347971095,0.227104
13.678432462479154,0.227104
13.682601445247359,0.223259
13.686770428015564,0.225822
13.690939410783768,0.22454
13.695108393551973,0.227104
13.699277376320177,0.259143
13.703446359088382,0.241201
13.707615341856586,0.229667
13.71178432462479,0.228385
13.715953307392995,0.236074
13.7201222901612,0.297589
13.724291272929404,0.268114
13.728460255697609,0.252735
13.732629238465814,0.243764
13.736798221234018,0.238638
13.740967204002223,0.241201
13.745136186770427,0.239919
13.749305169538632,0.243764
13.753474152306836,0.241201
13.75764313507504,0.239919
13.761812117843245,0.241201
13.76598110061145,0.242482
13.770150083379654,0.239919
13.774319066147859,0.246327
13.778488048916063,0.245045
13.782657031684268,0.243764
13.786826014452473,0.242482
13.790994997220677,0.245045
13.795163979988882,0.241201
13.799332962757086,0.239919
13.80350194552529,0.246327
13.807670928293495,0.243764
13.811839911061702,0.242482
13.816008893829906,0.245045
13.82017787659811,0.242482
13.824346859366315,0.245045
13.82851584213452,0.239919
13.832684824902724,0.223259
13.836853807670929,0.221977
13.841022790439133,0.221977
13.845191773207338,0.214288
13.849360755975543,0.220696
13.853529738743747,0.218133
13.857698721511952,0.220696
13.861867704280156,0.215569
13.86603668704836,0.221977
13.870205669816565,0.218133
13.87437465258477,0.225822
13.878543635352974,0.230948
13.882712618121179,0.237356
13.886881600889383,0.243764
13.891050583657588,0.246327
13.895219566425792,0.256579
13.899388549193997,0.250172
13.903557531962202,0.260424
13.907726514730406,0.26555
13.91189549749861,0.269395
13.916064480266815,0.270677
13.92023346303502,0.274521
13.924402445803224,0.275803
13.928571428571429,0.275803
13.932740411339633,0.275803
13.936909394107838,0.277084
13.941078376876042,0.274521
13.945247359644247,0.283492
13.949416342412452,0.280929
13.953585325180656,0.282211
13.95775430794886,0.283492
13.961923290717065,0.287337
13.96609227348527,0.275803
13.970261256253474,0.274521
13.974430239021679,0.271958
13.978599221789883,0.274521
13.982768204558088,0.274521
13.986937187326292,0.279648
13.991106170094497,0.288619
13.995275152862702,0.293745
13.999444135630906,0.296308
14.00361311839911,0.303997
14.007782101167315,0.338599
14.01195108393552,0.407804
14.016120066703724,0.341163
14.020289049471929,0.336036
14.024458032240133,0.337318
14.028627015008338,0.33091
14.032795997776542,0.332192
14.036964980544747,0.329629
14.041133963312951,0.332192
14.045302946081156,0.324502
14.04947192884936,0.325784
14.053640911617565,0.336036
14.05780989438577,0.333473
14.061978877153974,0.336036
14.066147859922179,0.336036
14.070316842690383,0.327065
14.074485825458588,0.324502
14.078654808226792,0.324502
14.082823790994997,0.325784
14.086992773763201,0.323221
14.091161756531406,0.325784
14.09533073929961,0.320658
14.099499722067815,0.319376
14.10366870483602,0.320658
14.107837687604224,0.319376
14.112006670372429,0.320658
14.116175653140633,0.321939
14.120344635908838,0.318094
14.124513618677042,0.320658
14.128682601445247,0.316813
14.132851584213451,0.318094
14.137020566981656,0.316813
14.14118954974986,0.316813
14.145358532518065,0.312968
14.14952751528627,0.319376
14.153696498054474,0.310405
14.157865480822679,0.316813
14.162034463590883,0.31425
14.166203446359088,0.315531
14.170372429127292,0.312968
14.174541411895497,0.31425
14.178710394663701,0.311687
14.182879377431906,0.31425
14.18704836020011,0.310405
14.191217342968315,0.31425
14.19538632573652,0.309124
14.199555308504724,0.312968
14.203724291272929,0.309124
14.207893274041133,0.311687
14.212062256809338,0.309124
14.216231239577542,0.312968
14.220400222345747,0.309124
14.224569205113951,0.310405
14.228738187882156,0.309124
14.23290717065036,0.309124
14.237076153418565,0.307842
14.24124513618677,0.309124
14.245414118954974,0.30656
14.249583101723179,0.305279
14.253752084491383,0.30656
14.257921067259588,0.305279
14.262090050027792,0.305279
14.266259032795997,0.305279
14.270428015564201,0.303997
14.274596998332406,0.30656
14.27876598110061,0.30656
14.282934963868815,0.307842
14.28710394663702,0.303997
14.291272929405224,0.309124
14.295441912173429,0.30656
14.299610894941633,0.311687
14.303779877709838,0.303997
14.307948860478042,0.305279
14.312117843246247,0.302716
14.316286826014453,0.307842
14.320455808782658,0.302716
14.324624791550862,0.305279
14.328793774319067,0.302716
14.332962757087271,0.30656
14.337131739855476,0.302716
14.34130072262368,0.303997
14.345469705391885,0.302716
14.34963868816009,0.302716
14.353807670928294,0.302716
14.357976653696499,0.301434
14.362145636464703,0.300153
14.366314619232908,0.298871
14.370483602001112,0.303997
14.374652584769317,0.302716
14.378821567537521,0.301434
14.382990550305726,0.30656
14.38715953307393,0.302716
14.391328515842135,0.302716
14.39549749861034,0.300153
14.399666481378544,0.303997
14.403835464146749,0.300153
14.408004446914953,0.302716
14.412173429683158,0.300153
14.416342412451362,0.301434
14.420511395219567,0.298871
14.424680377987771,0.302716
14.428849360755976,0.302716
14.43301834352418,0.300153
14.437187326292385,0.300153
14.44135630906059,0.297589
14.445525291828794,0.298871
14.449694274596999,0.300153
14.453863257365203,0.298871
14.458032240133408,0.302716
14.462201222901612,0.298871
14.466370205669817,0.302716
14.470539188438021,0.302716
14.474708171206226,0.300153
14.47887715397443,0.300153
14.483046136742635,0.301434
14.48721511951084,0.297589
14.491384102279044,0.302716
14.495553085047248,0.298871
14.499722067815453,0.300153
14.503891050583658,0.298871
14.508060033351862,0.298871
14.512229016120067,0.292463
14.516397998888271,0.300153
14.520566981656476,0.295026
14.52473596442468,0.297589
14.528904947192885,0.296308
14.53307392996109,0.293745
14.537242912729294,0.293745
14.541411895497498,0.293745
14.545580878265703,0.292463
14.549749861033908,0.291182
14.553918843802112,0.293745
14.558087826570317,0.291182
14.562256809338521,0.2899
14.566425792106726,0.295026
14.57059477487493,0.287337
14.574763757643135,0.292463
14.57893274041134,0.368075
14.583101723179544,0.321939
14.587270705947748,0.31425
14.591439688715953,0.310405
14.595608671484158,0.309124
14.599777654252362,0.311687
14.603946637020567,0.311687
14.608115619788771,0.309124
14.612284602556976,0.311687
14.61645358532518,0.311687
14.620622568093385,0.309124
14.62479155086159,0.309124
14.628960533629794,0.309124
14.633129516397998,0.309124
14.637298499166203,0.309124
14.641467481934408,0.311687
14.645636464702612,0.309124
14.649805447470817,0.311687
14.653974430239021,0.309124
14.658143413007226,0.311687
14.66231239577543,0.309124
14.666481378543635,0.309124
14.67065036131184,0.309124
14.674819344080044,0.310405
14.678988326848248,0.311687
14.683157309616453,0.309124
14.687326292384657,0.307842
14.691495275152862,0.309124
14.695664257921067,0.310405
14.699833240689271,0.311687
14.704002223457476,0.30656
14.70817120622568,0.312968
14.712340188993885,0.310405
14.71650917176209,0.311687
14.720678154530294,0.310405
14.724847137298498,0.309124
14.729016120066703,0.309124
14.733185102834907,0.311687
14.737354085603112,0.307842
14.741523068371317,0.311687
14.745692051139521,0.311687
14.749861033907726,0.311687
14.75403001667593,0.309124
14.758198999444135,0.311687
14.76236798221234,0.311687
14.766536964980544,0.31425
14.770705947748748,0.310405
14.774874930516953,0.310405
14.779043913285157,0.311687
14.783212896053362,0.312968
14.787381878821567,0.310405
14.791550861589771,0.310405
14.795719844357976,0.310405
14.79988882712618,0.315531
14.804057809894385,0.319376
14.80822679266259,0.312968
14.812395775430794,0.31425
14.816564758199,0.31425
14.820733740967205,0.318094
14.82490272373541,0.315531
14.829071706503614,0.31425
14.833240689271818,0.31425
14.837409672040023,0.31425
14.841578654808227,0.31425
14.845747637576432,0.312968
14.849916620344636,0.31425
14.854085603112841,0.31425
14.858254585881046,0.31425
14.86242356864925,0.315531
14.866592551417455,0.312968
14.87076153418566,0.315531
14.874930516953864,0.319376
14.879099499722068,0.324502
14.883268482490273,0.324502
14.887437465258477,0.332192
14.891606448026682,0.328347
14.895775430794886,0.333473
14.899944413563091,0.332192
14.904113396331296,0.334755
14.9082823790995,0.33091
14.912451361867705,0.333473
14.91662034463591,0.329629
14.920789327404114,0.329629
14.924958310172318,0.328347
14.929127292940523,0.33091
14.933296275708727,0.327065
14.937465258476932,0.328347
14.941634241245136,0.327065
14.945803224013341,0.328347
14.949972206781545,0.327065
14.95414118954975,0.327065
14.958310172317955,0.327065
14.962479155086159,0.329629
14.966648137854364,0.328347
14.970817120622568,0.325784
14.974986103390773,0.319376
14.979155086158977,0.324502
14.983324068927182,0.323221
14.987493051695386,0.324502
14.991662034463591,0.325784
14.995831017231795,0.324502
15.0,0.327065
